OPEN_Lower = {
	1900,    0, 1900, 1900, 1900, 1900, 1900, 1900, 1900, 1900, 1900, 1900, 1900, 1900, 1900, 1900, 1900, 1900,
	1900,    0, 1900, 1900, 1900, 1900, 1900, 1900, 1900, 1900, 1900, 1900, 1900, 1900, 1900, 1900, 1900, 1900,
	1900, 1900, 1900, 1900, 1900, 1900, 1900, 1900, 1900, 1900, 1900, 1900, 1900, 1900, 1900, 1900, 1900, 1900,
	1900, 1900, 1900, 1900, 1900, 1900, 1900, 1900, 1900, 1900, 1900, 1900, 1900, 1900, 1900, 1900, 1900, 1900,
	1900, 1900, 1900, 1900, 1900, 1900, 1900, 1900, 1900, 1900, 1900, 1900, 1900, 1900, 1900, 1900, 1900, 1900,
	1900, 1900, 1900, 1900, 1900, 1900, 1900, 1900, 1900, 1900, 1900, 1900, 1900, 1900, 1900, 1900, 1900, 1900,
	1900, 1900, 1900, 1900, 1900, 1900, 1900, 1900, 1900, 1900, 1900, 1900, 1900, 1900, 1900, 1900, 1900, 1900,
	1900, 1900, 1900, 1900, 1900, 1900, 1900, 1900, 1900, 1900, 1900, 1900, 1900, 1900, 1900, 1900, 1900, 1900,
	1900, 1900, 1900, 1900, 1900, 1900, 1900, 1900, 1900, 1900, 1900, 1900, 1900, 1900, 1900, 1900, 1900, 1900,
	1900, 1900, 1900, 1900, 1900, 1900, 1900, 1900, 1900, 1900, 1900, 1900, 1900, 1900, 1900, 1900, 1900, 1900,
	1900, 1900, 1900, 1900, 1900, 1900, 1900, 1900, 1900, 1900, 1900, 1900, 1900, 1900, 1900, 1900, 1900, 1900,
	1900, 1900, 1900, 1900, 1900, 1900, 1900, 1900, 1900, 1900, 1900, 1900, 1900, 1900, 1900, 1900, 1900, 1900,
	1900, 1900, 1900, 1900, 1900, 1900, 1900, 1900, 1900, 1900, 1900, 1900, 1900, 1900, 1900, 1900, 1900, 1900,
	1900, 1900, 1900, 1900, 1900, 1900, 1900, 1900, 1900, 1900, 1900, 1900, 1900, 1900, 1900, 1900, 1900, 1900,
	1900, 1900, 1900, 1900, 1900, 1900, 1900, 1900, 1900, 1900, 1900, 1900, 1900, 1900, 1900, 1900, 1900, 1900,
	1900, 1900, 1900, 1900, 1900, 1900, 1900, 1900, 1900, 1900, 1900, 1900, 1900, 1900, 1900, 1900, 1900, 1900,
	1900, 1900, 1900, 1900, 1900, 1900, 1900, 1900, 1900, 1900, 1900, 1900, 1900, 1900, 1900, 1900, 1900, 1900,
	1900, 1900, 1900, 1900, 1900, 1900, 1900, 1900, 1900, 1900, 1900, 1900, 1900, 1900, 1900, 1900, 1900, 1900,
	1900, 1900, 1900, 1900, 1900, 1900, 1900, 1900, 1900, 1900, 1900, 1900, 1900, 1900, 1900, 1900, 1900, 1900,
	1900, 1900, 1900, 1900, 1900, 1900, 1900, 1900, 1900, 1900, 1900, 1900, 1900, 1900, 1900, 1900, 1900, 1900,
	1900, 1900, 1900, 1900, 1900, 1900, 1900, 1900, 1900, 1900, 1900, 1900, 1900, 1900, 1900, 1900, 1900, 1900,
	1900, 1900, 1900, 1900, 1900, 1900, 1900, 1900, 1900, 1900, 1900, 1900, 1900, 1900, 1900, 1900, 1900, 1900,
	1900, 1900, 1900, 1900, 1900, 1900, 1900, 1900, 1900, 1900, 1900, 1900, 1900, 1900, 1900, 1900, 1900, 1900,
	1900, 1900, 1900, 1900, 1900, 1900, 1900, 1900, 1900, 1900, 1900, 1900, 1900, 1900, 1900, 1900, 1900, 1900,
	1900, 1900, 1900, 1900, 1900, 1900, 1900, 1900, 1900, 1900, 1900, 1900, 1900, 1900, 1900, 1900, 1900, 1900,
	1900, 1900, 1900, 1900, 1900, 1900, 1900, 1900, 1900, 1900, 1900, 1900, 1900, 1900, 1900, 1900, 1900, 1900,
	1900, 1900, 1900, 1900, 1900, 1900, 1900, 1900, 1900, 1900, 1900, 1900, 1900, 1900, 1900, 1900, 1900, 1900,
	1900, 1900, 1900, 1900, 1900, 1900, 1900, 1900, 1900, 1900, 1900, 1900, 1900, 1900, 1900, 1900, 1900, 1900,
	1900, 1900, 1900, 1900, 1900, 1900, 1900, 1900, 1900, 1900, 1900, 1900, 1900, 1900, 1900, 1900, 1900, 1900,
	1900, 1900, 1900, 1900, 1900, 1900, 1900, 1900, 1900, 1900, 1900, 1900, 1900, 1900, 1900, 1900, 1900, 1900,
	1900, 1900, 1900, 1900, 1900, 1900, 1900, 1900, 1900, 1900, 1900, 1900, 1900, 1900, 1900, 1900, 1900, 1900,
	1900, 1900, 1900, 1900, 1900, 1900, 1900, 1900, 1900, 1900, 1900, 1900, 1900, 1900, 1900, 1900, 1900, 1900,
	1900, 1900, 1900, 1900, 1900, 1900, 1900, 1900, 1900, 1900, 1900, 1900, 1900, 1900, 1900, 1900, 1900, 1900,
	1900, 1900, 1900, 1900, 1900, 1900, 1900, 1900, 1900, 1900, 1900, 1900, 1900, 1900, 1900, 1900, 1900, 1900,
	1900, 1900, 1900, 1900, 1900, 1900, 1900, 1900, 1900, 1900, 1900, 1900, 1900, 1900, 1900, 1900, 1900, 1900,
	1900, 1900, 1900, 1900, 1900, 1900, 1900, 1900, 1900, 1900, 1900, 1900, 1900, 1900, 1900, 1900, 1900, 1900,
}

OPEN_Upper = {
	9999, 9999, 9999, 9999, 9999, 9999, 9999, 9999, 9999, 9999, 9999, 9999, 9999, 9999, 9999, 9999, 9999, 9999,
	9999, 9999, 9999, 9999, 9999, 9999, 9999, 9999, 9999, 9999, 9999, 9999, 9999, 9999, 9999, 9999, 9999, 9999,
	9999, 9999, 9999, 9999, 9999, 9999, 9999, 9999, 9999, 9999, 9999, 9999, 9999, 9999, 9999, 9999, 9999, 9999,
	9999, 9999, 9999, 9999, 9999, 9999, 9999, 9999, 9999, 9999, 9999, 9999, 9999, 9999, 9999, 9999, 9999, 9999,
	9999, 9999, 9999, 9999, 9999, 9999, 9999, 9999, 9999, 9999, 9999, 9999, 9999, 9999, 9999, 9999, 9999, 9999,
	9999, 9999, 9999, 9999, 9999, 9999, 9999, 9999, 9999, 9999, 9999, 9999, 9999, 9999, 9999, 9999, 9999, 9999,
	9999, 9999, 9999, 9999, 9999, 9999, 9999, 9999, 9999, 9999, 9999, 9999, 9999, 9999, 9999, 9999, 9999, 9999,
	9999, 9999, 9999, 9999, 9999, 9999, 9999, 9999, 9999, 9999, 9999, 9999, 9999, 9999, 9999, 9999, 9999, 9999,
	9999, 9999, 9999, 9999, 9999, 9999, 9999, 9999, 9999, 9999, 9999, 9999, 9999, 9999, 9999, 9999, 9999, 9999,
	9999, 9999, 9999, 9999, 9999, 9999, 9999, 9999, 9999, 9999, 9999, 9999, 9999, 9999, 9999, 9999, 9999, 9999,
	9999, 9999, 9999, 9999, 9999, 9999, 9999, 9999, 9999, 9999, 9999, 9999, 9999, 9999, 9999, 9999, 9999, 9999,
	9999, 9999, 9999, 9999, 9999, 9999, 9999, 9999, 9999, 9999, 9999, 9999, 9999, 9999, 9999, 9999, 9999, 9999,
	9999, 9999, 9999, 9999, 9999, 9999, 9999, 9999, 9999, 9999, 9999, 9999, 9999, 9999, 9999, 9999, 9999, 9999,
	9999, 9999, 9999, 9999, 9999, 9999, 9999, 9999, 9999, 9999, 9999, 9999, 9999, 9999, 9999, 9999, 9999, 9999,
	9999, 9999, 9999, 9999, 9999, 9999, 9999, 9999, 9999, 9999, 9999, 9999, 9999, 9999, 9999, 9999, 9999, 9999,
	9999, 9999, 9999, 9999, 9999, 9999, 9999, 9999, 9999, 9999, 9999, 9999, 9999, 9999, 9999, 9999, 9999, 9999,
	9999, 9999, 9999, 9999, 9999, 9999, 9999, 9999, 9999, 9999, 9999, 9999, 9999, 9999, 9999, 9999, 9999, 9999,
	9999, 9999, 9999, 9999, 9999, 9999, 9999, 9999, 9999, 9999, 9999, 9999, 9999, 9999, 9999, 9999, 9999, 9999,
	9999, 9999, 9999, 9999, 9999, 9999, 9999, 9999, 9999, 9999, 9999, 9999, 9999, 9999, 9999, 9999, 9999, 9999,
	9999, 9999, 9999, 9999, 9999, 9999, 9999, 9999, 9999, 9999, 9999, 9999, 9999, 9999, 9999, 9999, 9999, 9999,
	9999, 9999, 9999, 9999, 9999, 9999, 9999, 9999, 9999, 9999, 9999, 9999, 9999, 9999, 9999, 9999, 9999, 9999,
	9999, 9999, 9999, 9999, 9999, 9999, 9999, 9999, 9999, 9999, 9999, 9999, 9999, 9999, 9999, 9999, 9999, 9999,
	9999, 9999, 9999, 9999, 9999, 9999, 9999, 9999, 9999, 9999, 9999, 9999, 9999, 9999, 9999, 9999, 9999, 9999,
	9999, 9999, 9999, 9999, 9999, 9999, 9999, 9999, 9999, 9999, 9999, 9999, 9999, 9999, 9999, 9999, 9999, 9999,
	9999, 9999, 9999, 9999, 9999, 9999, 9999, 9999, 9999, 9999, 9999, 9999, 9999, 9999, 9999, 9999, 9999, 9999,
	9999, 9999, 9999, 9999, 9999, 9999, 9999, 9999, 9999, 9999, 9999, 9999, 9999, 9999, 9999, 9999, 9999, 9999,
	9999, 9999, 9999, 9999, 9999, 9999, 9999, 9999, 9999, 9999, 9999, 9999, 9999, 9999, 9999, 9999, 9999, 9999,
	9999, 9999, 9999, 9999, 9999, 9999, 9999, 9999, 9999, 9999, 9999, 9999, 9999, 9999, 9999, 9999, 9999, 9999,
	9999, 9999, 9999, 9999, 9999, 9999, 9999, 9999, 9999, 9999, 9999, 9999, 9999, 9999, 9999, 9999, 9999, 9999,
	9999, 9999, 9999, 9999, 9999, 9999, 9999, 9999, 9999, 9999, 9999, 9999, 9999, 9999, 9999, 9999, 9999, 9999,
	9999, 9999, 9999, 9999, 9999, 9999, 9999, 9999, 9999, 9999, 9999, 9999, 9999, 9999, 9999, 9999, 9999, 9999,
	9999, 9999, 9999, 9999, 9999, 9999, 9999, 9999, 9999, 9999, 9999, 9999, 9999, 9999, 9999, 9999, 9999, 9999,
	9999, 9999, 9999, 9999, 9999, 9999, 9999, 9999, 9999, 9999, 9999, 9999, 9999, 9999, 9999, 9999, 9999, 9999,
	9999, 9999, 9999, 9999, 9999, 9999, 9999, 9999, 9999, 9999, 9999, 9999, 9999, 9999, 9999, 9999, 9999, 9999,
	9999, 9999, 9999, 9999, 9999, 9999, 9999, 9999, 9999, 9999, 9999, 9999, 9999, 9999, 9999, 9999, 9999, 9999,
	9999, 9999, 9999, 9999, 9999, 9999, 9999, 9999, 9999, 9999, 9999, 9999, 9999, 9999, 9999, 9999, 9999, 9999,
}

SHORT_Lower = {
	 600,  600,  600,  600,  600,  600,  600,  600,  600,  600,  600,  600,  600,  600,  600,  600,  600,  600,
	 600,  600,  600,  600,  600,  600,  600,  600,  600,  600,  600,  600,  600,  600,  600,  600,  600,  600,
	 600,  600,  600,  600,  600,  600,  600,  600,  600,  600,  600,  600,  600,  600,  600,  600,  600,  600,
	 600,  600,  600,  600,  600,  600,  600,  600,  600,  600,  600,  600,  600,  600,  600,  600,  600,  600,
	 600,  600,  600,  600,  600,  600,  600,  600,  600,  600,  600,  600,  600,  600,  600,  600,  600,  600,
	 600,  600,  600,  600,  600,  600,  600,  600,  600,  600,  600,  600,  600,  600,  600,  600,  600,  600,
	 600,  600,  600,  600,  600,  600,  600,  600,  600,  600,  600,  600,  600,  600,  600,  600,  600,  600,
	 600,  600,  600,  600,  600,  600,  600,  600,  600,  600,  600,  600,  600,  600,  600,  600,  600,  600,
	 600,  600,  600,  600,  600,  600,  600,  600,  600,  600,  600,  600,  600,  600,  600,  600,  600,  600,
	 600,  600,  600,  600,  600,  600,  600,  600,  600,  600,  600,  600,  600,  600,  600,  600,  600,  600,
	 600,  600,  600,  600,  600,  600,  600,  600,  600,  600,  600,  600,  600,  600,  600,  600,  600,  600,
	 600,  600,  600,  600,  600,  600,  600,  600,  600,  600,  600,  600,  600,  600,  600,  600,  600,  600,
	 600,  600,  600,  600,  600,  600,  600,  600,  600,  600,  600,  600,  600,  600,  600,  600,  600,  600,
	 600,  600,  600,  600,  600,  600,  600,  600,  600,  600,  600,  600,  600,  600,  600,  600,  600,  600,
	 600,  600,  600,  600,  600,  600,  600,  600,  600,  600,  600,  600,  600,  600,  600,  600,  600,  600,
	 600,  600,  600,  600,  600,  600,  600,  600,  600,  600,  600,  600,  600,  600,  600,  600,  600,  600,
	 600,  600,  600,  600,  600,  600,  600,  600,  600,  600,  600,  600,  600,  600,  600,  600,  600,  600,
	 600,  600,  600,  600,  600,  600,  600,  600,  600,  600,  600,  600,  600,  600,  600,  600,  600,  600,
	 600,  600,  600,  600,  600,  600,  600,  600,  600,  600,  600,  600,  600,  600,  600,  600,  600,  600,
	 600,  600,  600,  600,  600,  600,  600,  600,  600,  600,  600,  600,  600,  600,  600,  600,  600,  600,
	 600,  600,  600,  600,  600,  600,  600,  600,  600,  600,  600,  600,  600,  600,  600,  600,  600,  600,
	 600,  600,  600,  600,  600,  600,  600,  600,  600,  600,  600,  600,  600,  600,  600,  600,  600,  600,
	 600,  600,  600,  600,  600,  600,  600,  600,  600,  600,  600,  600,  600,  600,  600,  600,  600,  600,
	 600,  600,  600,  600,  600,  600,  600,  600,  600,  600,  600,  600,  600,  600,  600,  600,  600,  600,
	 600,  600,  600,  600,  600,  600,  600,  600,  600,  600,  600,  600,  600,  600,  600,  600,  600,  600,
	 600,  600,  600,  600,  600,  600,  600,  600,  600,  600,  600,  600,  600,  600,  600,  600,  600,  600,
	 600,  600,  600,  600,  600,  600,  600,  600,  600,  600,  600,  600,  600,  600,  600,  600,  600,  600,
	 600,  600,  600,  600,  600,  600,  600,  600,  600,  600,  600,  600,  600,  600,  600,  600,  600,  600,
	 600,  600,  600,  600,  600,  600,  600,  600,  600,  600,  600,  600,  600,  600,  600,  600,  600,  600,
	 600,  600,  600,  600,  600,  600,  600,  600,  600,  600,  600,  600,  600,  600,  600,  600,  600,  600,
	 600,  600,  600,  600,  600,  600,  600,  600,  600,  600,  600,  600,  600,  600,  600,  600,  600,  600,
	 600,  600,  600,  600,  600,  600,  600,  600,  600,  600,  600,  600,  600,  600,  600,  600,  600,  600,
	 600,  600,  600,  600,  600,  600,  600,  600,  600,  600,  600,  600,  600,  600,  600,  600,  600,  600,
	 600,  600,  600,  600,  600,  600,  600,  600,  600,  600,  600,  600,  600,  600,  600,  600,  600,  600,
	 600,  600,  600,  600,  600,  600,  600,  600,  600,  600,  600,  600,  600,  600,  600,  600,  600,  600,
	 600,  600,  600,  600,  600,  600,  600,  600,  600,  600,  600,  600,  600,  600,  600,  600,  600,  600,
}

SHORT_Upper = {
	9999, 9999, 9999, 9999, 9999, 9999, 9999, 9999, 9999, 9999, 9999, 9999, 9999, 9999, 9999, 9999, 9999, 9999,
	9999, 9999, 9999, 9999, 9999, 9999, 9999, 9999, 9999, 9999, 9999, 9999, 9999, 9999, 9999, 9999, 9999, 9999,
	9999, 9999, 9999, 9999, 9999, 9999, 9999, 9999, 9999, 9999, 9999, 9999, 9999, 9999, 9999, 9999, 9999, 9999,
	9999, 9999, 9999, 9999, 9999, 9999, 9999, 9999, 9999, 9999, 9999, 9999, 9999, 9999, 9999, 9999, 9999, 9999,
	9999, 9999, 9999, 9999, 9999, 9999, 9999, 9999, 9999, 9999, 9999, 9999, 9999, 9999, 9999, 9999, 9999, 9999,
	9999, 9999, 9999, 9999, 9999, 9999, 9999, 9999, 9999, 9999, 9999, 9999, 9999, 9999, 9999, 9999, 9999, 9999,
	9999, 9999, 9999, 9999, 9999, 9999, 9999, 9999, 9999, 9999, 9999, 9999, 9999, 9999, 9999, 9999, 9999, 9999,
	9999, 9999, 9999, 9999, 9999, 9999, 9999, 9999, 9999, 9999, 9999, 9999, 9999, 9999, 9999, 9999, 9999, 9999,
	9999, 9999, 9999, 9999, 9999, 9999, 9999, 9999, 9999, 9999, 9999, 9999, 9999, 9999, 9999, 9999, 9999, 9999,
	9999, 9999, 9999, 9999, 9999, 9999, 9999, 9999, 9999, 9999, 9999, 9999, 9999, 9999, 9999, 9999, 9999, 9999,
	9999, 9999, 9999, 9999, 9999, 9999, 9999, 9999, 9999, 9999, 9999, 9999, 9999, 9999, 9999, 9999, 9999, 9999,
	9999, 9999, 9999, 9999, 9999, 9999, 9999, 9999, 9999, 9999, 9999, 9999, 9999, 9999, 9999, 9999, 9999, 9999,
	9999, 9999, 9999, 9999, 9999, 9999, 9999, 9999, 9999, 9999, 9999, 9999, 9999, 9999, 9999, 9999, 9999, 9999,
	9999, 9999, 9999, 9999, 9999, 9999, 9999, 9999, 9999, 9999, 9999, 9999, 9999, 9999, 9999, 9999, 9999, 9999,
	9999, 9999, 9999, 9999, 9999, 9999, 9999, 9999, 9999, 9999, 9999, 9999, 9999, 9999, 9999, 9999, 9999, 9999,
	9999, 9999, 9999, 9999, 9999, 9999, 9999, 9999, 9999, 9999, 9999, 9999, 9999, 9999, 9999, 9999, 9999, 9999,
	9999, 9999, 9999, 9999, 9999, 9999, 9999, 9999, 9999, 9999, 9999, 9999, 9999, 9999, 9999, 9999, 9999, 9999,
	9999, 9999, 9999, 9999, 9999, 9999, 9999, 9999, 9999, 9999, 9999, 9999, 9999, 9999, 9999, 9999, 9999, 9999,
	9999, 9999, 9999, 9999, 9999, 9999, 9999, 9999, 9999, 9999, 9999, 9999, 9999, 9999, 9999, 9999, 9999, 9999,
	9999, 9999, 9999, 9999, 9999, 9999, 9999, 9999, 9999, 9999, 9999, 9999, 9999, 9999, 9999, 9999, 9999, 9999,
	9999, 9999, 9999, 9999, 9999, 9999, 9999, 9999, 9999, 9999, 9999, 9999, 9999, 9999, 9999, 9999, 9999, 9999,
	9999, 9999, 9999, 9999, 9999, 9999, 9999, 9999, 9999, 9999, 9999, 9999, 9999, 9999, 9999, 9999, 9999, 9999,
	9999, 9999, 9999, 9999, 9999, 9999, 9999, 9999, 9999, 9999, 9999, 9999, 9999, 9999, 9999, 9999, 9999, 9999,
	9999, 9999, 9999, 9999, 9999, 9999, 9999, 9999, 9999, 9999, 9999, 9999, 9999, 9999, 9999, 9999, 9999, 9999,
	9999, 9999, 9999, 9999, 9999, 9999, 9999, 9999, 9999, 9999, 9999, 9999, 9999, 9999, 9999, 9999, 9999, 9999,
	9999, 9999, 9999, 9999, 9999, 9999, 9999, 9999, 9999, 9999, 9999, 9999, 9999, 9999, 9999, 9999, 9999, 9999,
	9999, 9999, 9999, 9999, 9999, 9999, 9999, 9999, 9999, 9999, 9999, 9999, 9999, 9999, 9999, 9999, 9999, 9999,
	9999, 9999, 9999, 9999, 9999, 9999, 9999, 9999, 9999, 9999, 9999, 9999, 9999, 9999, 9999, 9999, 9999, 9999,
	9999, 9999, 9999, 9999, 9999, 9999, 9999, 9999, 9999, 9999, 9999, 9999, 9999, 9999, 9999, 9999, 9999, 9999,
	9999, 9999, 9999, 9999, 9999, 9999, 9999, 9999, 9999, 9999, 9999, 9999, 9999, 9999, 9999, 9999, 9999, 9999,
	9999, 9999, 9999, 9999, 9999, 9999, 9999, 9999, 9999, 9999, 9999, 9999, 9999, 9999, 9999, 9999, 9999, 9999,
	9999, 9999, 9999, 9999, 9999, 9999, 9999, 9999, 9999, 9999, 9999, 9999, 9999, 9999, 9999, 9999, 9999, 9999,
	9999, 9999, 9999, 9999, 9999, 9999, 9999, 9999, 9999, 9999, 9999, 9999, 9999, 9999, 9999, 9999, 9999, 9999,
	9999, 9999, 9999, 9999, 9999, 9999, 9999, 9999, 9999, 9999, 9999, 9999, 9999, 9999, 9999, 9999, 9999, 9999,
	9999, 9999, 9999, 9999, 9999, 9999, 9999, 9999, 9999, 9999, 9999, 9999, 9999, 9999, 9999, 9999, 9999, 9999,
	9999, 9999, 9999, 9999, 9999, 9999, 9999, 9999, 9999, 9999, 9999, 9999, 9999, 9999, 9999, 9999, 9999, 9999,
}

U3_M2_Lower = {
	3600,    0, 3600, 3600, 3600, 3600, 3600, 3600, 3600, 3600, 3600, 3600, 3600, 3600, 3600, 3600, 3600, 3600,
	3600,    0, 3600, 3600, 3600, 3600, 3600, 3600, 3600, 3600, 3600, 3600, 3600, 3600, 3600, 3600, 3600, 3600,
	3600, 3600, 3600, 3600, 3600, 3600, 3600, 3600, 3600, 3600, 3600, 3600, 3600, 3600, 3600, 3600, 3600, 3600,
	3600, 3600, 3600, 3600, 3600, 3600, 3600, 3600, 3600, 3600, 3600, 3600, 3600, 3600, 3600, 3600, 3600, 3600,
	3600, 3600, 3600, 3600, 3600, 3600, 3600, 3600, 3600, 3600, 3600, 3600, 3600, 3600, 3600, 3600, 3600, 3600,
	3600, 3600, 3600, 3600, 3600, 3600, 3600, 3600, 3600, 3600, 3600, 3600, 3600, 3600, 3600, 3600, 3600, 3600,
	3600, 3600, 3600, 3600, 3600, 3600, 3600, 3600, 3600, 3600, 3600, 3600, 3600, 3600, 3600, 3600, 3600, 3600,
	3600, 3600, 3600, 3600, 3600, 3600, 3600, 3600, 3600, 3600, 3600, 3600, 3600, 3600, 3600, 3600, 3600, 3600,
	3600, 3600, 3600, 3600, 3600, 3600, 3600, 3600, 3600, 3600, 3600, 3600, 3600, 3600, 3600, 3600, 3600, 3600,
	3600, 3600, 3600, 3600, 3600, 3600, 3600, 3600, 3600, 3600, 3600, 3600, 3600, 3600, 3600, 3600, 3600, 3600,
	3600, 3600, 3600, 3600, 3600, 3600, 3600, 3600, 3600, 3600, 3600, 3600, 3600, 3600, 3600, 3600, 3600, 3600,
	3600, 3600, 3600, 3600, 3600, 3600, 3600, 3600, 3600, 3600, 3600, 3600, 3600, 3600, 3600, 3600, 3600, 3600,
	3600, 3600, 3600, 3600, 3600, 3600, 3600, 3600, 3600, 3600, 3600, 3600, 3600, 3600, 3600, 3600, 3600, 3600,
	3600, 3600, 3600, 3600, 3600, 3600, 3600, 3600, 3600, 3600, 3600, 3600, 3600, 3600, 3600, 3600, 3600, 3600,
	3600, 3600, 3600, 3600, 3600, 3600, 3600, 3600, 3600, 3600, 3600, 3600, 3600, 3600, 3600, 3600, 3600, 3600,
	3600, 3600, 3600, 3600, 3600, 3600, 3600, 3600, 3600, 3600, 3600, 3600, 3600, 3600, 3600, 3600, 3600, 3600,
	3600, 3600, 3600, 3600, 3600, 3600, 3600, 3600, 3600, 3600, 3600, 3600, 3600, 3600, 3600, 3600, 3600, 3600,
	3600, 3600, 3600, 3600, 3600, 3600, 3600, 3600, 3600, 3600, 3600, 3600, 3600, 3600, 3600, 3600, 3600, 3600,
	3600, 3600, 3600, 3600, 3600, 3600, 3600, 3600, 3600, 3600, 3600, 3600, 3600, 3600, 3600, 3600, 3600, 3600,
	3600, 3600, 3600, 3600, 3600, 3600, 3600, 3600, 3600, 3600, 3600, 3600, 3600, 3600, 3600, 3600, 3600, 3600,
	3600, 3600, 3600, 3600, 3600, 3600, 3600, 3600, 3600, 3600, 3600, 3600, 3600, 3600, 3600, 3600, 3600, 3600,
	3600, 3600, 3600, 3600, 3600, 3600, 3600, 3600, 3600, 3600, 3600, 3600, 3600, 3600, 3600, 3600, 3600, 3600,
	3600, 3600, 3600, 3600, 3600, 3600, 3600, 3600, 3600, 3600, 3600, 3600, 3600, 3600, 3600, 3600, 3600, 3600,
	3600, 3600, 3600, 3600, 3600, 3600, 3600, 3600, 3600, 3600, 3600, 3600, 3600, 3600, 3600, 3600, 3600, 3600,
	3600, 3600, 3600, 3600, 3600, 3600, 3600, 3600, 3600, 3600, 3600, 3600, 3600, 3600, 3600, 3600, 3600, 3600,
	3600, 3600, 3600, 3600, 3600, 3600, 3600, 3600, 3600, 3600, 3600, 3600, 3600, 3600, 3600, 3600, 3600, 3600,
	3600, 3600, 3600, 3600, 3600, 3600, 3600, 3600, 3600, 3600, 3600, 3600, 3600, 3600, 3600, 3600, 3600, 3600,
	3600, 3600, 3600, 3600, 3600, 3600, 3600, 3600, 3600, 3600, 3600, 3600, 3600, 3600, 3600, 3600, 3600, 3600,
	3600, 3600, 3600, 3600, 3600, 3600, 3600, 3600, 3600, 3600, 3600, 3600, 3600, 3600, 3600, 3600, 3600, 3600,
	3600, 3600, 3600, 3600, 3600, 3600, 3600, 3600, 3600, 3600, 3600, 3600, 3600, 3600, 3600, 3600, 3600, 3600,
	3600, 3600, 3600, 3600, 3600, 3600, 3600, 3600, 3600, 3600, 3600, 3600, 3600, 3600, 3600, 3600, 3600, 3600,
	3600, 3600, 3600, 3600, 3600, 3600, 3600, 3600, 3600, 3600, 3600, 3600, 3600, 3600, 3600, 3600, 3600, 3600,
	3600, 3600, 3600, 3600, 3600, 3600, 3600, 3600, 3600, 3600, 3600, 3600, 3600, 3600, 3600, 3600, 3600, 3600,
	3600, 3600, 3600, 3600, 3600, 3600, 3600, 3600, 3600, 3600, 3600, 3600, 3600, 3600, 3600, 3600, 3600, 3600,
	3600, 3600, 3600, 3600, 3600, 3600, 3600, 3600, 3600, 3600, 3600, 3600, 3600, 3600, 3600, 3600, 3600, 3600,
	3600, 3600, 3600, 3600, 3600, 3600, 3600, 3600, 3600, 3600, 3600, 3600, 3600, 3600, 3600, 3600, 3600, 3600,
}
U3_M2_Upper = {
	4800, 9999, 4800, 4800, 4800, 4800, 4800, 4800, 4800, 4800, 4800, 4800, 4800, 4800, 4800, 4800, 4800, 4800,
	4800, 9999, 4800, 4800, 4800, 4800, 4800, 4800, 4800, 4800, 4800, 4800, 4800, 4800, 4800, 4800, 4800, 4800,
	4800, 4800, 4800, 4800, 4800, 4800, 4800, 4800, 4800, 4800, 4800, 4800, 4800, 4800, 4800, 4800, 4800, 4800,
	4800, 4800, 4800, 4800, 4800, 4800, 4800, 4800, 4800, 4800, 4800, 4800, 4800, 4800, 4800, 4800, 4800, 4800,
	4800, 4800, 4800, 4800, 4800, 4800, 4800, 4800, 4800, 4800, 4800, 4800, 4800, 4800, 4800, 4800, 4800, 4800,
	4800, 4800, 4800, 4800, 4800, 4800, 4800, 4800, 4800, 4800, 4800, 4800, 4800, 4800, 4800, 4800, 4800, 4800,
	4800, 4800, 4800, 4800, 4800, 4800, 4800, 4800, 4800, 4800, 4800, 4800, 4800, 4800, 4800, 4800, 4800, 4800,
	4800, 4800, 4800, 4800, 4800, 4800, 4800, 4800, 4800, 4800, 4800, 4800, 4800, 4800, 4800, 4800, 4800, 4800,
	4800, 4800, 4800, 4800, 4800, 4800, 4800, 4800, 4800, 4800, 4800, 4800, 4800, 4800, 4800, 4800, 4800, 4800,
	4800, 4800, 4800, 4800, 4800, 4800, 4800, 4800, 4800, 4800, 4800, 4800, 4800, 4800, 4800, 4800, 4800, 4800,
	4800, 4800, 4800, 4800, 4800, 4800, 4800, 4800, 4800, 4800, 4800, 4800, 4800, 4800, 4800, 4800, 4800, 4800,
	4800, 4800, 4800, 4800, 4800, 4800, 4800, 4800, 4800, 4800, 4800, 4800, 4800, 4800, 4800, 4800, 4800, 4800,
	4800, 4800, 4800, 4800, 4800, 4800, 4800, 4800, 4800, 4800, 4800, 4800, 4800, 4800, 4800, 4800, 4800, 4800,
	4800, 4800, 4800, 4800, 4800, 4800, 4800, 4800, 4800, 4800, 4800, 4800, 4800, 4800, 4800, 4800, 4800, 4800,
	4800, 4800, 4800, 4800, 4800, 4800, 4800, 4800, 4800, 4800, 4800, 4800, 4800, 4800, 4800, 4800, 4800, 4800,
	4800, 4800, 4800, 4800, 4800, 4800, 4800, 4800, 4800, 4800, 4800, 4800, 4800, 4800, 4800, 4800, 4800, 4800,
	4800, 4800, 4800, 4800, 4800, 4800, 4800, 4800, 4800, 4800, 4800, 4800, 4800, 4800, 4800, 4800, 4800, 4800,
	4800, 4800, 4800, 4800, 4800, 4800, 4800, 4800, 4800, 4800, 4800, 4800, 4800, 4800, 4800, 4800, 4800, 4800,
	4800, 4800, 4800, 4800, 4800, 4800, 4800, 4800, 4800, 4800, 4800, 4800, 4800, 4800, 4800, 4800, 4800, 4800,
	4800, 4800, 4800, 4800, 4800, 4800, 4800, 4800, 4800, 4800, 4800, 4800, 4800, 4800, 4800, 4800, 4800, 4800,
	4800, 4800, 4800, 4800, 4800, 4800, 4800, 4800, 4800, 4800, 4800, 4800, 4800, 4800, 4800, 4800, 4800, 4800,
	4800, 4800, 4800, 4800, 4800, 4800, 4800, 4800, 4800, 4800, 4800, 4800, 4800, 4800, 4800, 4800, 4800, 4800,
	4800, 4800, 4800, 4800, 4800, 4800, 4800, 4800, 4800, 4800, 4800, 4800, 4800, 4800, 4800, 4800, 4800, 4800,
	4800, 4800, 4800, 4800, 4800, 4800, 4800, 4800, 4800, 4800, 4800, 4800, 4800, 4800, 4800, 4800, 4800, 4800,
	4800, 4800, 4800, 4800, 4800, 4800, 4800, 4800, 4800, 4800, 4800, 4800, 4800, 4800, 4800, 4800, 4800, 4800,
	4800, 4800, 4800, 4800, 4800, 4800, 4800, 4800, 4800, 4800, 4800, 4800, 4800, 4800, 4800, 4800, 4800, 4800,
	4800, 4800, 4800, 4800, 4800, 4800, 4800, 4800, 4800, 4800, 4800, 4800, 4800, 4800, 4800, 4800, 4800, 4800,
	4800, 4800, 4800, 4800, 4800, 4800, 4800, 4800, 4800, 4800, 4800, 4800, 4800, 4800, 4800, 4800, 4800, 4800,
	4800, 4800, 4800, 4800, 4800, 4800, 4800, 4800, 4800, 4800, 4800, 4800, 4800, 4800, 4800, 4800, 4800, 4800,
	4800, 4800, 4800, 4800, 4800, 4800, 4800, 4800, 4800, 4800, 4800, 4800, 4800, 4800, 4800, 4800, 4800, 4800,
	4800, 4800, 4800, 4800, 4800, 4800, 4800, 4800, 4800, 4800, 4800, 4800, 4800, 4800, 4800, 4800, 4800, 4800,
	4800, 4800, 4800, 4800, 4800, 4800, 4800, 4800, 4800, 4800, 4800, 4800, 4800, 4800, 4800, 4800, 4800, 4800,
	4800, 4800, 4800, 4800, 4800, 4800, 4800, 4800, 4800, 4800, 4800, 4800, 4800, 4800, 4800, 4800, 4800, 4800,
	4800, 4800, 4800, 4800, 4800, 4800, 4800, 4800, 4800, 4800, 4800, 4800, 4800, 4800, 4800, 4800, 4800, 4800,
	4800, 4800, 4800, 4800, 4800, 4800, 4800, 4800, 4800, 4800, 4800, 4800, 4800, 4800, 4800, 4800, 4800, 4800,
	4800, 4800, 4800, 4800, 4800, 4800, 4800, 4800, 4800, 4800, 4800, 4800, 4800, 4800, 4800, 4800, 4800, 4800,
}
U3_M2_JITTER_Lower = {
	0, 0, 0, 0, 0, 0, 0, 0, 0, 0, 0, 0, 0, 0, 0, 0, 0, 0,
	0, 0, 0, 0, 0, 0, 0, 0, 0, 0, 0, 0, 0, 0, 0, 0, 0, 0,
	0, 0, 0, 0, 0, 0, 0, 0, 0, 0, 0, 0, 0, 0, 0, 0, 0, 0,
	0, 0, 0, 0, 0, 0, 0, 0, 0, 0, 0, 0, 0, 0, 0, 0, 0, 0,
	0, 0, 0, 0, 0, 0, 0, 0, 0, 0, 0, 0, 0, 0, 0, 0, 0, 0,
	0, 0, 0, 0, 0, 0, 0, 0, 0, 0, 0, 0, 0, 0, 0, 0, 0, 0,
	0, 0, 0, 0, 0, 0, 0, 0, 0, 0, 0, 0, 0, 0, 0, 0, 0, 0,
	0, 0, 0, 0, 0, 0, 0, 0, 0, 0, 0, 0, 0, 0, 0, 0, 0, 0,
	0, 0, 0, 0, 0, 0, 0, 0, 0, 0, 0, 0, 0, 0, 0, 0, 0, 0,
	0, 0, 0, 0, 0, 0, 0, 0, 0, 0, 0, 0, 0, 0, 0, 0, 0, 0,
	0, 0, 0, 0, 0, 0, 0, 0, 0, 0, 0, 0, 0, 0, 0, 0, 0, 0,
	0, 0, 0, 0, 0, 0, 0, 0, 0, 0, 0, 0, 0, 0, 0, 0, 0, 0,
	0, 0, 0, 0, 0, 0, 0, 0, 0, 0, 0, 0, 0, 0, 0, 0, 0, 0,
	0, 0, 0, 0, 0, 0, 0, 0, 0, 0, 0, 0, 0, 0, 0, 0, 0, 0,
	0, 0, 0, 0, 0, 0, 0, 0, 0, 0, 0, 0, 0, 0, 0, 0, 0, 0,
	0, 0, 0, 0, 0, 0, 0, 0, 0, 0, 0, 0, 0, 0, 0, 0, 0, 0,
	0, 0, 0, 0, 0, 0, 0, 0, 0, 0, 0, 0, 0, 0, 0, 0, 0, 0,
	0, 0, 0, 0, 0, 0, 0, 0, 0, 0, 0, 0, 0, 0, 0, 0, 0, 0,
	0, 0, 0, 0, 0, 0, 0, 0, 0, 0, 0, 0, 0, 0, 0, 0, 0, 0,
	0, 0, 0, 0, 0, 0, 0, 0, 0, 0, 0, 0, 0, 0, 0, 0, 0, 0,
	0, 0, 0, 0, 0, 0, 0, 0, 0, 0, 0, 0, 0, 0, 0, 0, 0, 0,
	0, 0, 0, 0, 0, 0, 0, 0, 0, 0, 0, 0, 0, 0, 0, 0, 0, 0,
	0, 0, 0, 0, 0, 0, 0, 0, 0, 0, 0, 0, 0, 0, 0, 0, 0, 0,
	0, 0, 0, 0, 0, 0, 0, 0, 0, 0, 0, 0, 0, 0, 0, 0, 0, 0,
	0, 0, 0, 0, 0, 0, 0, 0, 0, 0, 0, 0, 0, 0, 0, 0, 0, 0,
	0, 0, 0, 0, 0, 0, 0, 0, 0, 0, 0, 0, 0, 0, 0, 0, 0, 0,
	0, 0, 0, 0, 0, 0, 0, 0, 0, 0, 0, 0, 0, 0, 0, 0, 0, 0,
	0, 0, 0, 0, 0, 0, 0, 0, 0, 0, 0, 0, 0, 0, 0, 0, 0, 0,
	0, 0, 0, 0, 0, 0, 0, 0, 0, 0, 0, 0, 0, 0, 0, 0, 0, 0,
	0, 0, 0, 0, 0, 0, 0, 0, 0, 0, 0, 0, 0, 0, 0, 0, 0, 0,
	0, 0, 0, 0, 0, 0, 0, 0, 0, 0, 0, 0, 0, 0, 0, 0, 0, 0,
	0, 0, 0, 0, 0, 0, 0, 0, 0, 0, 0, 0, 0, 0, 0, 0, 0, 0,
	0, 0, 0, 0, 0, 0, 0, 0, 0, 0, 0, 0, 0, 0, 0, 0, 0, 0,
	0, 0, 0, 0, 0, 0, 0, 0, 0, 0, 0, 0, 0, 0, 0, 0, 0, 0,
	0, 0, 0, 0, 0, 0, 0, 0, 0, 0, 0, 0, 0, 0, 0, 0, 0, 0,
	0, 0, 0, 0, 0, 0, 0, 0, 0, 0, 0, 0, 0, 0, 0, 0, 0, 0,
}
U3_M2_JITTER_Upper = {
	80, 80, 80, 80, 80, 80, 80, 80, 80, 80, 80, 80, 80, 80, 80, 80, 80, 80,
	80, 80, 80, 80, 80, 80, 80, 80, 80, 80, 80, 80, 80, 80, 80, 80, 80, 80,
	80, 80, 80, 80, 80, 80, 80, 80, 80, 80, 80, 80, 80, 80, 80, 80, 80, 80,
	80, 80, 80, 80, 80, 80, 80, 80, 80, 80, 80, 80, 80, 80, 80, 80, 80, 80,
	80, 80, 80, 80, 80, 80, 80, 80, 80, 80, 80, 80, 80, 80, 80, 80, 80, 80,
	80, 80, 80, 80, 80, 80, 80, 80, 80, 80, 80, 80, 80, 80, 80, 80, 80, 80,
	80, 80, 80, 80, 80, 80, 80, 80, 80, 80, 80, 80, 80, 80, 80, 80, 80, 80,
	80, 80, 80, 80, 80, 80, 80, 80, 80, 80, 80, 80, 80, 80, 80, 80, 80, 80,
	80, 80, 80, 80, 80, 80, 80, 80, 80, 80, 80, 80, 80, 80, 80, 80, 80, 80,
	80, 80, 80, 80, 80, 80, 80, 80, 80, 80, 80, 80, 80, 80, 80, 80, 80, 80,
	80, 80, 80, 80, 80, 80, 80, 80, 80, 80, 80, 80, 80, 80, 80, 80, 80, 80,
	80, 80, 80, 80, 80, 80, 80, 80, 80, 80, 80, 80, 80, 80, 80, 80, 80, 80,
	80, 80, 80, 80, 80, 80, 80, 80, 80, 80, 80, 80, 80, 80, 80, 80, 80, 80,
	80, 80, 80, 80, 80, 80, 80, 80, 80, 80, 80, 80, 80, 80, 80, 80, 80, 80,
	80, 80, 80, 80, 80, 80, 80, 80, 80, 80, 80, 80, 80, 80, 80, 80, 80, 80,
	80, 80, 80, 80, 80, 80, 80, 80, 80, 80, 80, 80, 80, 80, 80, 80, 80, 80,
	80, 80, 80, 80, 80, 80, 80, 80, 80, 80, 80, 80, 80, 80, 80, 80, 80, 80,
	80, 80, 80, 80, 80, 80, 80, 80, 80, 80, 80, 80, 80, 80, 80, 80, 80, 80,
	80, 80, 80, 80, 80, 80, 80, 80, 80, 80, 80, 80, 80, 80, 80, 80, 80, 80,
	80, 80, 80, 80, 80, 80, 80, 80, 80, 80, 80, 80, 80, 80, 80, 80, 80, 80,
	80, 80, 80, 80, 80, 80, 80, 80, 80, 80, 80, 80, 80, 80, 80, 80, 80, 80,
	80, 80, 80, 80, 80, 80, 80, 80, 80, 80, 80, 80, 80, 80, 80, 80, 80, 80,
	80, 80, 80, 80, 80, 80, 80, 80, 80, 80, 80, 80, 80, 80, 80, 80, 80, 80,
	80, 80, 80, 80, 80, 80, 80, 80, 80, 80, 80, 80, 80, 80, 80, 80, 80, 80,
	80, 80, 80, 80, 80, 80, 80, 80, 80, 80, 80, 80, 80, 80, 80, 80, 80, 80,
	80, 80, 80, 80, 80, 80, 80, 80, 80, 80, 80, 80, 80, 80, 80, 80, 80, 80,
	80, 80, 80, 80, 80, 80, 80, 80, 80, 80, 80, 80, 80, 80, 80, 80, 80, 80,
	80, 80, 80, 80, 80, 80, 80, 80, 80, 80, 80, 80, 80, 80, 80, 80, 80, 80,
	80, 80, 80, 80, 80, 80, 80, 80, 80, 80, 80, 80, 80, 80, 80, 80, 80, 80,
	80, 80, 80, 80, 80, 80, 80, 80, 80, 80, 80, 80, 80, 80, 80, 80, 80, 80,
	80, 80, 80, 80, 80, 80, 80, 80, 80, 80, 80, 80, 80, 80, 80, 80, 80, 80,
	80, 80, 80, 80, 80, 80, 80, 80, 80, 80, 80, 80, 80, 80, 80, 80, 80, 80,
	80, 80, 80, 80, 80, 80, 80, 80, 80, 80, 80, 80, 80, 80, 80, 80, 80, 80,
	80, 80, 80, 80, 80, 80, 80, 80, 80, 80, 80, 80, 80, 80, 80, 80, 80, 80,
	80, 80, 80, 80, 80, 80, 80, 80, 80, 80, 80, 80, 80, 80, 80, 80, 80, 80,
	80, 80, 80, 80, 80, 80, 80, 80, 80, 80, 80, 80, 80, 80, 80, 80, 80, 80,
}
U0_M1_Lower = {
	400, 400, 400, 400, 400, 400, 400, 400, 400, 400, 400, 400, 400, 400, 400, 400, 400, 400,
	400, 400, 400, 400, 400, 400, 400, 400, 400, 400, 400, 400, 400, 400, 400, 400, 400, 400,
	400, 400, 400, 400, 400, 400, 400, 400, 400, 400, 400, 400, 400, 400, 400, 400, 400, 400,
	400, 400, 400, 400, 400, 400, 400, 400, 400, 400, 400, 400, 400, 400, 400, 400, 400, 400,
	400, 400, 400, 400, 400, 400, 400, 400, 400, 400, 400, 400, 400, 400, 400, 400, 400, 400,
	400, 400, 400, 400, 400, 400, 400, 400, 400, 400, 400, 400, 400, 400, 400, 400, 400, 400,
	400, 400, 400, 400, 400, 400, 400, 400, 400, 400, 400, 400, 400, 400, 400, 400, 400, 400,
	400, 400, 400, 400, 400, 400, 400, 400, 400, 400, 400, 400, 400, 400, 400, 400, 400, 400,
	400, 400, 400, 400, 400, 400, 400, 400, 400, 400, 400, 400, 400, 400, 400, 400, 400, 400,
	400, 400, 400, 400, 400, 400, 400, 400, 400, 400, 400, 400, 400, 400, 400, 400, 400, 400,
	400, 400, 400, 400, 400, 400, 400, 400, 400, 400, 400, 400, 400, 400, 400, 400, 400, 400,
	400, 400, 400, 400, 400, 400, 400, 400, 400, 400, 400, 400, 400, 400, 400, 400, 400, 400,
	400, 400, 400, 400, 400, 400, 400, 400, 400, 400, 400, 400, 400, 400, 400, 400, 400, 400,
	400, 400, 400, 400, 400, 400, 400, 400, 400, 400, 400, 400, 400, 400, 400, 400, 400, 400,
	400, 400, 400, 400, 400, 400, 400, 400, 400, 400, 400, 400, 400, 400, 400, 400, 400, 400,
	400, 400, 400, 400, 400, 400, 400, 400, 400, 400, 400, 400, 400, 400, 400, 400, 400, 400,
	400, 400, 400, 400, 400, 400, 400, 400, 400, 400, 400, 400, 400, 400, 400, 400, 400, 400,
	400, 400, 400, 400, 400, 400, 400, 400, 400, 400, 400, 400, 400, 400, 400, 400, 400, 400,
	400, 400, 400, 400, 400, 400, 400, 400, 400, 400, 400, 400, 400, 400, 400, 400, 400, 400,
	400, 400, 400, 400, 400, 400, 400, 400, 400, 400, 400, 400, 400, 400, 400, 400, 400, 400,
	400, 400, 400, 400, 400, 400, 400, 400, 400, 400, 400, 400, 400, 400, 400, 400, 400, 400,
	400, 400, 400, 400, 400, 400, 400, 400, 400, 400, 400, 400, 400, 400, 400, 400, 400, 400,
	400, 400, 400, 400, 400, 400, 400, 400, 400, 400, 400, 400, 400, 400, 400, 400, 400, 400,
	400, 400, 400, 400, 400, 400, 400, 400, 400, 400, 400, 400, 400, 400, 400, 400, 400, 400,
	400, 400, 400, 400, 400, 400, 400, 400, 400, 400, 400, 400, 400, 400, 400, 400, 400, 400,
	400, 400, 400, 400, 400, 400, 400, 400, 400, 400, 400, 400, 400, 400, 400, 400, 400, 400,
	400, 400, 400, 400, 400, 400, 400, 400, 400, 400, 400, 400, 400, 400, 400, 400, 400, 400,
	400, 400, 400, 400, 400, 400, 400, 400, 400, 400, 400, 400, 400, 400, 400, 400, 400, 400,
	400, 400, 400, 400, 400, 400, 400, 400, 400, 400, 400, 400, 400, 400, 400, 400, 400, 400,
	400, 400, 400, 400, 400, 400, 400, 400, 400, 400, 400, 400, 400, 400, 400, 400, 400, 400,
	400, 400, 400, 400, 400, 400, 400, 400, 400, 400, 400, 400, 400, 400, 400, 400, 400, 400,
	400, 400, 400, 400, 400, 400, 400, 400, 400, 400, 400, 400, 400, 400, 400, 400, 400, 400,
	400, 400, 400, 400, 400, 400, 400, 400, 400, 400, 400, 400, 400, 400, 400, 400, 400, 400,
	400, 400, 400, 400, 400, 400, 400, 400, 400, 400, 400, 400, 400, 400, 400, 400, 400, 400,
	400, 400, 400, 400, 400, 400, 400, 400, 400, 400, 400, 400, 400, 400, 400, 400, 400, 400,
	400, 400, 400, 400, 400, 400, 400, 400, 400, 400, 400, 400, 400, 400, 400, 400, 400, 400,
}
U0_M1_Upper = {
	1600, 1600, 1600, 1600, 1600, 1600, 1600, 1600, 1600, 1600, 1600, 1600, 1600, 1600, 1600, 1600, 1600, 1600,
	1600, 1600, 1600, 1600, 1600, 1600, 1600, 1600, 1600, 1600, 1600, 1600, 1600, 1600, 1600, 1600, 1600, 1600,
	1600, 1600, 1600, 1600, 1600, 1600, 1600, 1600, 1600, 1600, 1600, 1600, 1600, 1600, 1600, 1600, 1600, 1600,
	1600, 1600, 1600, 1600, 1600, 1600, 1600, 1600, 1600, 1600, 1600, 1600, 1600, 1600, 1600, 1600, 1600, 1600,
	1600, 1600, 1600, 1600, 1600, 1600, 1600, 1600, 1600, 1600, 1600, 1600, 1600, 1600, 1600, 1600, 1600, 1600,
	1600, 1600, 1600, 1600, 1600, 1600, 1600, 1600, 1600, 1600, 1600, 1600, 1600, 1600, 1600, 1600, 1600, 1600,
	1600, 1600, 1600, 1600, 1600, 1600, 1600, 1600, 1600, 1600, 1600, 1600, 1600, 1600, 1600, 1600, 1600, 1600,
	1600, 1600, 1600, 1600, 1600, 1600, 1600, 1600, 1600, 1600, 1600, 1600, 1600, 1600, 1600, 1600, 1600, 1600,
	1600, 1600, 1600, 1600, 1600, 1600, 1600, 1600, 1600, 1600, 1600, 1600, 1600, 1600, 1600, 1600, 1600, 1600,
	1600, 1600, 1600, 1600, 1600, 1600, 1600, 1600, 1600, 1600, 1600, 1600, 1600, 1600, 1600, 1600, 1600, 1600,
	1600, 1600, 1600, 1600, 1600, 1600, 1600, 1600, 1600, 1600, 1600, 1600, 1600, 1600, 1600, 1600, 1600, 1600,
	1600, 1600, 1600, 1600, 1600, 1600, 1600, 1600, 1600, 1600, 1600, 1600, 1600, 1600, 1600, 1600, 1600, 1600,
	1600, 1600, 1600, 1600, 1600, 1600, 1600, 1600, 1600, 1600, 1600, 1600, 1600, 1600, 1600, 1600, 1600, 1600,
	1600, 1600, 1600, 1600, 1600, 1600, 1600, 1600, 1600, 1600, 1600, 1600, 1600, 1600, 1600, 1600, 1600, 1600,
	1600, 1600, 1600, 1600, 1600, 1600, 1600, 1600, 1600, 1600, 1600, 1600, 1600, 1600, 1600, 1600, 1600, 1600,
	1600, 1600, 1600, 1600, 1600, 1600, 1600, 1600, 1600, 1600, 1600, 1600, 1600, 1600, 1600, 1600, 1600, 1600,
	1600, 1600, 1600, 1600, 1600, 1600, 1600, 1600, 1600, 1600, 1600, 1600, 1600, 1600, 1600, 1600, 1600, 1600,
	1600, 1600, 1600, 1600, 1600, 1600, 1600, 1600, 1600, 1600, 1600, 1600, 1600, 1600, 1600, 1600, 1600, 1600,
	1600, 1600, 1600, 1600, 1600, 1600, 1600, 1600, 1600, 1600, 1600, 1600, 1600, 1600, 1600, 1600, 1600, 1600,
	1600, 1600, 1600, 1600, 1600, 1600, 1600, 1600, 1600, 1600, 1600, 1600, 1600, 1600, 1600, 1600, 1600, 1600,
	1600, 1600, 1600, 1600, 1600, 1600, 1600, 1600, 1600, 1600, 1600, 1600, 1600, 1600, 1600, 1600, 1600, 1600,
	1600, 1600, 1600, 1600, 1600, 1600, 1600, 1600, 1600, 1600, 1600, 1600, 1600, 1600, 1600, 1600, 1600, 1600,
	1600, 1600, 1600, 1600, 1600, 1600, 1600, 1600, 1600, 1600, 1600, 1600, 1600, 1600, 1600, 1600, 1600, 1600,
	1600, 1600, 1600, 1600, 1600, 1600, 1600, 1600, 1600, 1600, 1600, 1600, 1600, 1600, 1600, 1600, 1600, 1600,
	1600, 1600, 1600, 1600, 1600, 1600, 1600, 1600, 1600, 1600, 1600, 1600, 1600, 1600, 1600, 1600, 1600, 1600,
	1600, 1600, 1600, 1600, 1600, 1600, 1600, 1600, 1600, 1600, 1600, 1600, 1600, 1600, 1600, 1600, 1600, 1600,
	1600, 1600, 1600, 1600, 1600, 1600, 1600, 1600, 1600, 1600, 1600, 1600, 1600, 1600, 1600, 1600, 1600, 1600,
	1600, 1600, 1600, 1600, 1600, 1600, 1600, 1600, 1600, 1600, 1600, 1600, 1600, 1600, 1600, 1600, 1600, 1600,
	1600, 1600, 1600, 1600, 1600, 1600, 1600, 1600, 1600, 1600, 1600, 1600, 1600, 1600, 1600, 1600, 1600, 1600,
	1600, 1600, 1600, 1600, 1600, 1600, 1600, 1600, 1600, 1600, 1600, 1600, 1600, 1600, 1600, 1600, 1600, 1600,
	1600, 1600, 1600, 1600, 1600, 1600, 1600, 1600, 1600, 1600, 1600, 1600, 1600, 1600, 1600, 1600, 1600, 1600,
	1600, 1600, 1600, 1600, 1600, 1600, 1600, 1600, 1600, 1600, 1600, 1600, 1600, 1600, 1600, 1600, 1600, 1600,
	1600, 1600, 1600, 1600, 1600, 1600, 1600, 1600, 1600, 1600, 1600, 1600, 1600, 1600, 1600, 1600, 1600, 1600,
	1600, 1600, 1600, 1600, 1600, 1600, 1600, 1600, 1600, 1600, 1600, 1600, 1600, 1600, 1600, 1600, 1600, 1600,
	1600, 1600, 1600, 1600, 1600, 1600, 1600, 1600, 1600, 1600, 1600, 1600, 1600, 1600, 1600, 1600, 1600, 1600,
	1600, 1600, 1600, 1600, 1600, 1600, 1600, 1600, 1600, 1600, 1600, 1600, 1600, 1600, 1600, 1600, 1600, 1600,
}
U0_M1_JITTER_Lower = {
	0, 0, 0, 0, 0, 0, 0, 0, 0, 0, 0, 0, 0, 0, 0, 0, 0, 0,
	0, 0, 0, 0, 0, 0, 0, 0, 0, 0, 0, 0, 0, 0, 0, 0, 0, 0,
	0, 0, 0, 0, 0, 0, 0, 0, 0, 0, 0, 0, 0, 0, 0, 0, 0, 0,
	0, 0, 0, 0, 0, 0, 0, 0, 0, 0, 0, 0, 0, 0, 0, 0, 0, 0,
	0, 0, 0, 0, 0, 0, 0, 0, 0, 0, 0, 0, 0, 0, 0, 0, 0, 0,
	0, 0, 0, 0, 0, 0, 0, 0, 0, 0, 0, 0, 0, 0, 0, 0, 0, 0,
	0, 0, 0, 0, 0, 0, 0, 0, 0, 0, 0, 0, 0, 0, 0, 0, 0, 0,
	0, 0, 0, 0, 0, 0, 0, 0, 0, 0, 0, 0, 0, 0, 0, 0, 0, 0,
	0, 0, 0, 0, 0, 0, 0, 0, 0, 0, 0, 0, 0, 0, 0, 0, 0, 0,
	0, 0, 0, 0, 0, 0, 0, 0, 0, 0, 0, 0, 0, 0, 0, 0, 0, 0,
	0, 0, 0, 0, 0, 0, 0, 0, 0, 0, 0, 0, 0, 0, 0, 0, 0, 0,
	0, 0, 0, 0, 0, 0, 0, 0, 0, 0, 0, 0, 0, 0, 0, 0, 0, 0,
	0, 0, 0, 0, 0, 0, 0, 0, 0, 0, 0, 0, 0, 0, 0, 0, 0, 0,
	0, 0, 0, 0, 0, 0, 0, 0, 0, 0, 0, 0, 0, 0, 0, 0, 0, 0,
	0, 0, 0, 0, 0, 0, 0, 0, 0, 0, 0, 0, 0, 0, 0, 0, 0, 0,
	0, 0, 0, 0, 0, 0, 0, 0, 0, 0, 0, 0, 0, 0, 0, 0, 0, 0,
	0, 0, 0, 0, 0, 0, 0, 0, 0, 0, 0, 0, 0, 0, 0, 0, 0, 0,
	0, 0, 0, 0, 0, 0, 0, 0, 0, 0, 0, 0, 0, 0, 0, 0, 0, 0,
	0, 0, 0, 0, 0, 0, 0, 0, 0, 0, 0, 0, 0, 0, 0, 0, 0, 0,
	0, 0, 0, 0, 0, 0, 0, 0, 0, 0, 0, 0, 0, 0, 0, 0, 0, 0,
	0, 0, 0, 0, 0, 0, 0, 0, 0, 0, 0, 0, 0, 0, 0, 0, 0, 0,
	0, 0, 0, 0, 0, 0, 0, 0, 0, 0, 0, 0, 0, 0, 0, 0, 0, 0,
	0, 0, 0, 0, 0, 0, 0, 0, 0, 0, 0, 0, 0, 0, 0, 0, 0, 0,
	0, 0, 0, 0, 0, 0, 0, 0, 0, 0, 0, 0, 0, 0, 0, 0, 0, 0,
	0, 0, 0, 0, 0, 0, 0, 0, 0, 0, 0, 0, 0, 0, 0, 0, 0, 0,
	0, 0, 0, 0, 0, 0, 0, 0, 0, 0, 0, 0, 0, 0, 0, 0, 0, 0,
	0, 0, 0, 0, 0, 0, 0, 0, 0, 0, 0, 0, 0, 0, 0, 0, 0, 0,
	0, 0, 0, 0, 0, 0, 0, 0, 0, 0, 0, 0, 0, 0, 0, 0, 0, 0,
	0, 0, 0, 0, 0, 0, 0, 0, 0, 0, 0, 0, 0, 0, 0, 0, 0, 0,
	0, 0, 0, 0, 0, 0, 0, 0, 0, 0, 0, 0, 0, 0, 0, 0, 0, 0,
	0, 0, 0, 0, 0, 0, 0, 0, 0, 0, 0, 0, 0, 0, 0, 0, 0, 0,
	0, 0, 0, 0, 0, 0, 0, 0, 0, 0, 0, 0, 0, 0, 0, 0, 0, 0,
	0, 0, 0, 0, 0, 0, 0, 0, 0, 0, 0, 0, 0, 0, 0, 0, 0, 0,
	0, 0, 0, 0, 0, 0, 0, 0, 0, 0, 0, 0, 0, 0, 0, 0, 0, 0,
	0, 0, 0, 0, 0, 0, 0, 0, 0, 0, 0, 0, 0, 0, 0, 0, 0, 0,
	0, 0, 0, 0, 0, 0, 0, 0, 0, 0, 0, 0, 0, 0, 0, 0, 0, 0,
}
U0_M1_JITTER_Upper = {
	80, 80, 80, 80, 80, 80, 80, 80, 80, 80, 80, 80, 80, 80, 80, 80, 80, 80,
	80, 80, 80, 80, 80, 80, 80, 80, 80, 80, 80, 80, 80, 80, 80, 80, 80, 80,
	80, 80, 80, 80, 80, 80, 80, 80, 80, 80, 80, 80, 80, 80, 80, 80, 80, 80,
	80, 80, 80, 80, 80, 80, 80, 80, 80, 80, 80, 80, 80, 80, 80, 80, 80, 80,
	80, 80, 80, 80, 80, 80, 80, 80, 80, 80, 80, 80, 80, 80, 80, 80, 80, 80,
	80, 80, 80, 80, 80, 80, 80, 80, 80, 80, 80, 80, 80, 80, 80, 80, 80, 80,
	80, 80, 80, 80, 80, 80, 80, 80, 80, 80, 80, 80, 80, 80, 80, 80, 80, 80,
	80, 80, 80, 80, 80, 80, 80, 80, 80, 80, 80, 80, 80, 80, 80, 80, 80, 80,
	80, 80, 80, 80, 80, 80, 80, 80, 80, 80, 80, 80, 80, 80, 80, 80, 80, 80,
	80, 80, 80, 80, 80, 80, 80, 80, 80, 80, 80, 80, 80, 80, 80, 80, 80, 80,
	80, 80, 80, 80, 80, 80, 80, 80, 80, 80, 80, 80, 80, 80, 80, 80, 80, 80,
	80, 80, 80, 80, 80, 80, 80, 80, 80, 80, 80, 80, 80, 80, 80, 80, 80, 80,
	80, 80, 80, 80, 80, 80, 80, 80, 80, 80, 80, 80, 80, 80, 80, 80, 80, 80,
	80, 80, 80, 80, 80, 80, 80, 80, 80, 80, 80, 80, 80, 80, 80, 80, 80, 80,
	80, 80, 80, 80, 80, 80, 80, 80, 80, 80, 80, 80, 80, 80, 80, 80, 80, 80,
	80, 80, 80, 80, 80, 80, 80, 80, 80, 80, 80, 80, 80, 80, 80, 80, 80, 80,
	80, 80, 80, 80, 80, 80, 80, 80, 80, 80, 80, 80, 80, 80, 80, 80, 80, 80,
	80, 80, 80, 80, 80, 80, 80, 80, 80, 80, 80, 80, 80, 80, 80, 80, 80, 80,
	80, 80, 80, 80, 80, 80, 80, 80, 80, 80, 80, 80, 80, 80, 80, 80, 80, 80,
	80, 80, 80, 80, 80, 80, 80, 80, 80, 80, 80, 80, 80, 80, 80, 80, 80, 80,
	80, 80, 80, 80, 80, 80, 80, 80, 80, 80, 80, 80, 80, 80, 80, 80, 80, 80,
	80, 80, 80, 80, 80, 80, 80, 80, 80, 80, 80, 80, 80, 80, 80, 80, 80, 80,
	80, 80, 80, 80, 80, 80, 80, 80, 80, 80, 80, 80, 80, 80, 80, 80, 80, 80,
	80, 80, 80, 80, 80, 80, 80, 80, 80, 80, 80, 80, 80, 80, 80, 80, 80, 80,
	80, 80, 80, 80, 80, 80, 80, 80, 80, 80, 80, 80, 80, 80, 80, 80, 80, 80,
	80, 80, 80, 80, 80, 80, 80, 80, 80, 80, 80, 80, 80, 80, 80, 80, 80, 80,
	80, 80, 80, 80, 80, 80, 80, 80, 80, 80, 80, 80, 80, 80, 80, 80, 80, 80,
	80, 80, 80, 80, 80, 80, 80, 80, 80, 80, 80, 80, 80, 80, 80, 80, 80, 80,
	80, 80, 80, 80, 80, 80, 80, 80, 80, 80, 80, 80, 80, 80, 80, 80, 80, 80,
	80, 80, 80, 80, 80, 80, 80, 80, 80, 80, 80, 80, 80, 80, 80, 80, 80, 80,
	80, 80, 80, 80, 80, 80, 80, 80, 80, 80, 80, 80, 80, 80, 80, 80, 80, 80,
	80, 80, 80, 80, 80, 80, 80, 80, 80, 80, 80, 80, 80, 80, 80, 80, 80, 80,
	80, 80, 80, 80, 80, 80, 80, 80, 80, 80, 80, 80, 80, 80, 80, 80, 80, 80,
	80, 80, 80, 80, 80, 80, 80, 80, 80, 80, 80, 80, 80, 80, 80, 80, 80, 80,
	80, 80, 80, 80, 80, 80, 80, 80, 80, 80, 80, 80, 80, 80, 80, 80, 80, 80,
	80, 80, 80, 80, 80, 80, 80, 80, 80, 80, 80, 80, 80, 80, 80, 80, 80, 80,
}
U0_M2_Lower = {
	3400,    0, 3400, 3400, 3400, 3400, 3400, 3400, 3400, 3400, 3400, 3400, 3400, 3400, 3400, 3400, 3400, 3400,
	3400,    0, 3400, 3400, 3400, 3400, 3400, 3400, 3400, 3400, 3400, 3400, 3400, 3400, 3400, 3400, 3400, 3400,
	3400, 3400, 3400, 3400, 3400, 3400, 3400, 3400, 3400, 3400, 3400, 3400, 3400, 3400, 3400, 3400, 3400, 3400,
	3400, 3400, 3400, 3400, 3400, 3400, 3400, 3400, 3400, 3400, 3400, 3400, 3400, 3400, 3400, 3400, 3400, 3400,
	3400, 3400, 3400, 3400, 3400, 3400, 3400, 3400, 3400, 3400, 3400, 3400, 3400, 3400, 3400, 3400, 3400, 3400,
	3400, 3400, 3400, 3400, 3400, 3400, 3400, 3400, 3400, 3400, 3400, 3400, 3400, 3400, 3400, 3400, 3400, 3400,
	3400, 3400, 3400, 3400, 3400, 3400, 3400, 3400, 3400, 3400, 3400, 3400, 3400, 3400, 3400, 3400, 3400, 3400,
	3400, 3400, 3400, 3400, 3400, 3400, 3400, 3400, 3400, 3400, 3400, 3400, 3400, 3400, 3400, 3400, 3400, 3400,
	3400, 3400, 3400, 3400, 3400, 3400, 3400, 3400, 3400, 3400, 3400, 3400, 3400, 3400, 3400, 3400, 3400, 3400,
	3400, 3400, 3400, 3400, 3400, 3400, 3400, 3400, 3400, 3400, 3400, 3400, 3400, 3400, 3400, 3400, 3400, 3400,
	3400, 3400, 3400, 3400, 3400, 3400, 3400, 3400, 3400, 3400, 3400, 3400, 3400, 3400, 3400, 3400, 3400, 3400,
	3400, 3400, 3400, 3400, 3400, 3400, 3400, 3400, 3400, 3400, 3400, 3400, 3400, 3400, 3400, 3400, 3400, 3400,
	3400, 3400, 3400, 3400, 3400, 3400, 3400, 3400, 3400, 3400, 3400, 3400, 3400, 3400, 3400, 3400, 3400, 3400,
	3400, 3400, 3400, 3400, 3400, 3400, 3400, 3400, 3400, 3400, 3400, 3400, 3400, 3400, 3400, 3400, 3400, 3400,
	3400, 3400, 3400, 3400, 3400, 3400, 3400, 3400, 3400, 3400, 3400, 3400, 3400, 3400, 3400, 3400, 3400, 3400,
	3400, 3400, 3400, 3400, 3400, 3400, 3400, 3400, 3400, 3400, 3400, 3400, 3400, 3400, 3400, 3400, 3400, 3400,
	3400, 3400, 3400, 3400, 3400, 3400, 3400, 3400, 3400, 3400, 3400, 3400, 3400, 3400, 3400, 3400, 3400, 3400,
	3400, 3400, 3400, 3400, 3400, 3400, 3400, 3400, 3400, 3400, 3400, 3400, 3400, 3400, 3400, 3400, 3400, 3400,
	3400, 3400, 3400, 3400, 3400, 3400, 3400, 3400, 3400, 3400, 3400, 3400, 3400, 3400, 3400, 3400, 3400, 3400,
	3400, 3400, 3400, 3400, 3400, 3400, 3400, 3400, 3400, 3400, 3400, 3400, 3400, 3400, 3400, 3400, 3400, 3400,
	3400, 3400, 3400, 3400, 3400, 3400, 3400, 3400, 3400, 3400, 3400, 3400, 3400, 3400, 3400, 3400, 3400, 3400,
	3400, 3400, 3400, 3400, 3400, 3400, 3400, 3400, 3400, 3400, 3400, 3400, 3400, 3400, 3400, 3400, 3400, 3400,
	3400, 3400, 3400, 3400, 3400, 3400, 3400, 3400, 3400, 3400, 3400, 3400, 3400, 3400, 3400, 3400, 3400, 3400,
	3400, 3400, 3400, 3400, 3400, 3400, 3400, 3400, 3400, 3400, 3400, 3400, 3400, 3400, 3400, 3400, 3400, 3400,
	3400, 3400, 3400, 3400, 3400, 3400, 3400, 3400, 3400, 3400, 3400, 3400, 3400, 3400, 3400, 3400, 3400, 3400,
	3400, 3400, 3400, 3400, 3400, 3400, 3400, 3400, 3400, 3400, 3400, 3400, 3400, 3400, 3400, 3400, 3400, 3400,
	3400, 3400, 3400, 3400, 3400, 3400, 3400, 3400, 3400, 3400, 3400, 3400, 3400, 3400, 3400, 3400, 3400, 3400,
	3400, 3400, 3400, 3400, 3400, 3400, 3400, 3400, 3400, 3400, 3400, 3400, 3400, 3400, 3400, 3400, 3400, 3400,
	3400, 3400, 3400, 3400, 3400, 3400, 3400, 3400, 3400, 3400, 3400, 3400, 3400, 3400, 3400, 3400, 3400, 3400,
	3400, 3400, 3400, 3400, 3400, 3400, 3400, 3400, 3400, 3400, 3400, 3400, 3400, 3400, 3400, 3400, 3400, 3400,
	3400, 3400, 3400, 3400, 3400, 3400, 3400, 3400, 3400, 3400, 3400, 3400, 3400, 3400, 3400, 3400, 3400, 3400,
	3400, 3400, 3400, 3400, 3400, 3400, 3400, 3400, 3400, 3400, 3400, 3400, 3400, 3400, 3400, 3400, 3400, 3400,
	3400, 3400, 3400, 3400, 3400, 3400, 3400, 3400, 3400, 3400, 3400, 3400, 3400, 3400, 3400, 3400, 3400, 3400,
	3400, 3400, 3400, 3400, 3400, 3400, 3400, 3400, 3400, 3400, 3400, 3400, 3400, 3400, 3400, 3400, 3400, 3400,
	3400, 3400, 3400, 3400, 3400, 3400, 3400, 3400, 3400, 3400, 3400, 3400, 3400, 3400, 3400, 3400, 3400, 3400,
	3400, 3400, 3400, 3400, 3400, 3400, 3400, 3400, 3400, 3400, 3400, 3400, 3400, 3400, 3400, 3400, 3400, 3400,
}
U0_M2_Upper = {
	5400, 9999, 5400, 5400, 5400, 5400, 5400, 5400, 5400, 5400, 5400, 5400, 5400, 5400, 5400, 5400, 5400, 5400,
	5400, 9999, 5400, 5400, 5400, 5400, 5400, 5400, 5400, 5400, 5400, 5400, 5400, 5400, 5400, 5400, 5400, 5400,
	5400, 5400, 5400, 5400, 5400, 5400, 5400, 5400, 5400, 5400, 5400, 5400, 5400, 5400, 5400, 5400, 5400, 5400,
	5400, 5400, 5400, 5400, 5400, 5400, 5400, 5400, 5400, 5400, 5400, 5400, 5400, 5400, 5400, 5400, 5400, 5400,
	5400, 5400, 5400, 5400, 5400, 5400, 5400, 5400, 5400, 5400, 5400, 5400, 5400, 5400, 5400, 5400, 5400, 5400,
	5400, 5400, 5400, 5400, 5400, 5400, 5400, 5400, 5400, 5400, 5400, 5400, 5400, 5400, 5400, 5400, 5400, 5400,
	5400, 5400, 5400, 5400, 5400, 5400, 5400, 5400, 5400, 5400, 5400, 5400, 5400, 5400, 5400, 5400, 5400, 5400,
	5400, 5400, 5400, 5400, 5400, 5400, 5400, 5400, 5400, 5400, 5400, 5400, 5400, 5400, 5400, 5400, 5400, 5400,
	5400, 5400, 5400, 5400, 5400, 5400, 5400, 5400, 5400, 5400, 5400, 5400, 5400, 5400, 5400, 5400, 5400, 5400,
	5400, 5400, 5400, 5400, 5400, 5400, 5400, 5400, 5400, 5400, 5400, 5400, 5400, 5400, 5400, 5400, 5400, 5400,
	5400, 5400, 5400, 5400, 5400, 5400, 5400, 5400, 5400, 5400, 5400, 5400, 5400, 5400, 5400, 5400, 5400, 5400,
	5400, 5400, 5400, 5400, 5400, 5400, 5400, 5400, 5400, 5400, 5400, 5400, 5400, 5400, 5400, 5400, 5400, 5400,
	5400, 5400, 5400, 5400, 5400, 5400, 5400, 5400, 5400, 5400, 5400, 5400, 5400, 5400, 5400, 5400, 5400, 5400,
	5400, 5400, 5400, 5400, 5400, 5400, 5400, 5400, 5400, 5400, 5400, 5400, 5400, 5400, 5400, 5400, 5400, 5400,
	5400, 5400, 5400, 5400, 5400, 5400, 5400, 5400, 5400, 5400, 5400, 5400, 5400, 5400, 5400, 5400, 5400, 5400,
	5400, 5400, 5400, 5400, 5400, 5400, 5400, 5400, 5400, 5400, 5400, 5400, 5400, 5400, 5400, 5400, 5400, 5400,
	5400, 5400, 5400, 5400, 5400, 5400, 5400, 5400, 5400, 5400, 5400, 5400, 5400, 5400, 5400, 5400, 5400, 5400,
	5400, 5400, 5400, 5400, 5400, 5400, 5400, 5400, 5400, 5400, 5400, 5400, 5400, 5400, 5400, 5400, 5400, 5400,
	5400, 5400, 5400, 5400, 5400, 5400, 5400, 5400, 5400, 5400, 5400, 5400, 5400, 5400, 5400, 5400, 5400, 5400,
	5400, 5400, 5400, 5400, 5400, 5400, 5400, 5400, 5400, 5400, 5400, 5400, 5400, 5400, 5400, 5400, 5400, 5400,
	5400, 5400, 5400, 5400, 5400, 5400, 5400, 5400, 5400, 5400, 5400, 5400, 5400, 5400, 5400, 5400, 5400, 5400,
	5400, 5400, 5400, 5400, 5400, 5400, 5400, 5400, 5400, 5400, 5400, 5400, 5400, 5400, 5400, 5400, 5400, 5400,
	5400, 5400, 5400, 5400, 5400, 5400, 5400, 5400, 5400, 5400, 5400, 5400, 5400, 5400, 5400, 5400, 5400, 5400,
	5400, 5400, 5400, 5400, 5400, 5400, 5400, 5400, 5400, 5400, 5400, 5400, 5400, 5400, 5400, 5400, 5400, 5400,
	5400, 5400, 5400, 5400, 5400, 5400, 5400, 5400, 5400, 5400, 5400, 5400, 5400, 5400, 5400, 5400, 5400, 5400,
	5400, 5400, 5400, 5400, 5400, 5400, 5400, 5400, 5400, 5400, 5400, 5400, 5400, 5400, 5400, 5400, 5400, 5400,
	5400, 5400, 5400, 5400, 5400, 5400, 5400, 5400, 5400, 5400, 5400, 5400, 5400, 5400, 5400, 5400, 5400, 5400,
	5400, 5400, 5400, 5400, 5400, 5400, 5400, 5400, 5400, 5400, 5400, 5400, 5400, 5400, 5400, 5400, 5400, 5400,
	5400, 5400, 5400, 5400, 5400, 5400, 5400, 5400, 5400, 5400, 5400, 5400, 5400, 5400, 5400, 5400, 5400, 5400,
	5400, 5400, 5400, 5400, 5400, 5400, 5400, 5400, 5400, 5400, 5400, 5400, 5400, 5400, 5400, 5400, 5400, 5400,
	5400, 5400, 5400, 5400, 5400, 5400, 5400, 5400, 5400, 5400, 5400, 5400, 5400, 5400, 5400, 5400, 5400, 5400,
	5400, 5400, 5400, 5400, 5400, 5400, 5400, 5400, 5400, 5400, 5400, 5400, 5400, 5400, 5400, 5400, 5400, 5400,
	5400, 5400, 5400, 5400, 5400, 5400, 5400, 5400, 5400, 5400, 5400, 5400, 5400, 5400, 5400, 5400, 5400, 5400,
	5400, 5400, 5400, 5400, 5400, 5400, 5400, 5400, 5400, 5400, 5400, 5400, 5400, 5400, 5400, 5400, 5400, 5400,
	5400, 5400, 5400, 5400, 5400, 5400, 5400, 5400, 5400, 5400, 5400, 5400, 5400, 5400, 5400, 5400, 5400, 5400,
	5400, 5400, 5400, 5400, 5400, 5400, 5400, 5400, 5400, 5400, 5400, 5400, 5400, 5400, 5400, 5400, 5400, 5400,
}
U0_M2_JITTER_Lower = {
	0, 0, 0, 0, 0, 0, 0, 0, 0, 0, 0, 0, 0, 0, 0, 0, 0, 0,
	0, 0, 0, 0, 0, 0, 0, 0, 0, 0, 0, 0, 0, 0, 0, 0, 0, 0,
	0, 0, 0, 0, 0, 0, 0, 0, 0, 0, 0, 0, 0, 0, 0, 0, 0, 0,
	0, 0, 0, 0, 0, 0, 0, 0, 0, 0, 0, 0, 0, 0, 0, 0, 0, 0,
	0, 0, 0, 0, 0, 0, 0, 0, 0, 0, 0, 0, 0, 0, 0, 0, 0, 0,
	0, 0, 0, 0, 0, 0, 0, 0, 0, 0, 0, 0, 0, 0, 0, 0, 0, 0,
	0, 0, 0, 0, 0, 0, 0, 0, 0, 0, 0, 0, 0, 0, 0, 0, 0, 0,
	0, 0, 0, 0, 0, 0, 0, 0, 0, 0, 0, 0, 0, 0, 0, 0, 0, 0,
	0, 0, 0, 0, 0, 0, 0, 0, 0, 0, 0, 0, 0, 0, 0, 0, 0, 0,
	0, 0, 0, 0, 0, 0, 0, 0, 0, 0, 0, 0, 0, 0, 0, 0, 0, 0,
	0, 0, 0, 0, 0, 0, 0, 0, 0, 0, 0, 0, 0, 0, 0, 0, 0, 0,
	0, 0, 0, 0, 0, 0, 0, 0, 0, 0, 0, 0, 0, 0, 0, 0, 0, 0,
	0, 0, 0, 0, 0, 0, 0, 0, 0, 0, 0, 0, 0, 0, 0, 0, 0, 0,
	0, 0, 0, 0, 0, 0, 0, 0, 0, 0, 0, 0, 0, 0, 0, 0, 0, 0,
	0, 0, 0, 0, 0, 0, 0, 0, 0, 0, 0, 0, 0, 0, 0, 0, 0, 0,
	0, 0, 0, 0, 0, 0, 0, 0, 0, 0, 0, 0, 0, 0, 0, 0, 0, 0,
	0, 0, 0, 0, 0, 0, 0, 0, 0, 0, 0, 0, 0, 0, 0, 0, 0, 0,
	0, 0, 0, 0, 0, 0, 0, 0, 0, 0, 0, 0, 0, 0, 0, 0, 0, 0,
	0, 0, 0, 0, 0, 0, 0, 0, 0, 0, 0, 0, 0, 0, 0, 0, 0, 0,
	0, 0, 0, 0, 0, 0, 0, 0, 0, 0, 0, 0, 0, 0, 0, 0, 0, 0,
	0, 0, 0, 0, 0, 0, 0, 0, 0, 0, 0, 0, 0, 0, 0, 0, 0, 0,
	0, 0, 0, 0, 0, 0, 0, 0, 0, 0, 0, 0, 0, 0, 0, 0, 0, 0,
	0, 0, 0, 0, 0, 0, 0, 0, 0, 0, 0, 0, 0, 0, 0, 0, 0, 0,
	0, 0, 0, 0, 0, 0, 0, 0, 0, 0, 0, 0, 0, 0, 0, 0, 0, 0,
	0, 0, 0, 0, 0, 0, 0, 0, 0, 0, 0, 0, 0, 0, 0, 0, 0, 0,
	0, 0, 0, 0, 0, 0, 0, 0, 0, 0, 0, 0, 0, 0, 0, 0, 0, 0,
	0, 0, 0, 0, 0, 0, 0, 0, 0, 0, 0, 0, 0, 0, 0, 0, 0, 0,
	0, 0, 0, 0, 0, 0, 0, 0, 0, 0, 0, 0, 0, 0, 0, 0, 0, 0,
	0, 0, 0, 0, 0, 0, 0, 0, 0, 0, 0, 0, 0, 0, 0, 0, 0, 0,
	0, 0, 0, 0, 0, 0, 0, 0, 0, 0, 0, 0, 0, 0, 0, 0, 0, 0,
	0, 0, 0, 0, 0, 0, 0, 0, 0, 0, 0, 0, 0, 0, 0, 0, 0, 0,
	0, 0, 0, 0, 0, 0, 0, 0, 0, 0, 0, 0, 0, 0, 0, 0, 0, 0,
	0, 0, 0, 0, 0, 0, 0, 0, 0, 0, 0, 0, 0, 0, 0, 0, 0, 0,
	0, 0, 0, 0, 0, 0, 0, 0, 0, 0, 0, 0, 0, 0, 0, 0, 0, 0,
	0, 0, 0, 0, 0, 0, 0, 0, 0, 0, 0, 0, 0, 0, 0, 0, 0, 0,
	0, 0, 0, 0, 0, 0, 0, 0, 0, 0, 0, 0, 0, 0, 0, 0, 0, 0,
}
U0_M2_JITTER_Upper = {
	80, 80, 80, 80, 80, 80, 80, 80, 80, 80, 80, 80, 80, 80, 80, 80, 80, 80,
	80, 80, 80, 80, 80, 80, 80, 80, 80, 80, 80, 80, 80, 80, 80, 80, 80, 80,
	80, 80, 80, 80, 80, 80, 80, 80, 80, 80, 80, 80, 80, 80, 80, 80, 80, 80,
	80, 80, 80, 80, 80, 80, 80, 80, 80, 80, 80, 80, 80, 80, 80, 80, 80, 80,
	80, 80, 80, 80, 80, 80, 80, 80, 80, 80, 80, 80, 80, 80, 80, 80, 80, 80,
	80, 80, 80, 80, 80, 80, 80, 80, 80, 80, 80, 80, 80, 80, 80, 80, 80, 80,
	80, 80, 80, 80, 80, 80, 80, 80, 80, 80, 80, 80, 80, 80, 80, 80, 80, 80,
	80, 80, 80, 80, 80, 80, 80, 80, 80, 80, 80, 80, 80, 80, 80, 80, 80, 80,
	80, 80, 80, 80, 80, 80, 80, 80, 80, 80, 80, 80, 80, 80, 80, 80, 80, 80,
	80, 80, 80, 80, 80, 80, 80, 80, 80, 80, 80, 80, 80, 80, 80, 80, 80, 80,
	80, 80, 80, 80, 80, 80, 80, 80, 80, 80, 80, 80, 80, 80, 80, 80, 80, 80,
	80, 80, 80, 80, 80, 80, 80, 80, 80, 80, 80, 80, 80, 80, 80, 80, 80, 80,
	80, 80, 80, 80, 80, 80, 80, 80, 80, 80, 80, 80, 80, 80, 80, 80, 80, 80,
	80, 80, 80, 80, 80, 80, 80, 80, 80, 80, 80, 80, 80, 80, 80, 80, 80, 80,
	80, 80, 80, 80, 80, 80, 80, 80, 80, 80, 80, 80, 80, 80, 80, 80, 80, 80,
	80, 80, 80, 80, 80, 80, 80, 80, 80, 80, 80, 80, 80, 80, 80, 80, 80, 80,
	80, 80, 80, 80, 80, 80, 80, 80, 80, 80, 80, 80, 80, 80, 80, 80, 80, 80,
	80, 80, 80, 80, 80, 80, 80, 80, 80, 80, 80, 80, 80, 80, 80, 80, 80, 80,
	80, 80, 80, 80, 80, 80, 80, 80, 80, 80, 80, 80, 80, 80, 80, 80, 80, 80,
	80, 80, 80, 80, 80, 80, 80, 80, 80, 80, 80, 80, 80, 80, 80, 80, 80, 80,
	80, 80, 80, 80, 80, 80, 80, 80, 80, 80, 80, 80, 80, 80, 80, 80, 80, 80,
	80, 80, 80, 80, 80, 80, 80, 80, 80, 80, 80, 80, 80, 80, 80, 80, 80, 80,
	80, 80, 80, 80, 80, 80, 80, 80, 80, 80, 80, 80, 80, 80, 80, 80, 80, 80,
	80, 80, 80, 80, 80, 80, 80, 80, 80, 80, 80, 80, 80, 80, 80, 80, 80, 80,
	80, 80, 80, 80, 80, 80, 80, 80, 80, 80, 80, 80, 80, 80, 80, 80, 80, 80,
	80, 80, 80, 80, 80, 80, 80, 80, 80, 80, 80, 80, 80, 80, 80, 80, 80, 80,
	80, 80, 80, 80, 80, 80, 80, 80, 80, 80, 80, 80, 80, 80, 80, 80, 80, 80,
	80, 80, 80, 80, 80, 80, 80, 80, 80, 80, 80, 80, 80, 80, 80, 80, 80, 80,
	80, 80, 80, 80, 80, 80, 80, 80, 80, 80, 80, 80, 80, 80, 80, 80, 80, 80,
	80, 80, 80, 80, 80, 80, 80, 80, 80, 80, 80, 80, 80, 80, 80, 80, 80, 80,
	80, 80, 80, 80, 80, 80, 80, 80, 80, 80, 80, 80, 80, 80, 80, 80, 80, 80,
	80, 80, 80, 80, 80, 80, 80, 80, 80, 80, 80, 80, 80, 80, 80, 80, 80, 80,
	80, 80, 80, 80, 80, 80, 80, 80, 80, 80, 80, 80, 80, 80, 80, 80, 80, 80,
	80, 80, 80, 80, 80, 80, 80, 80, 80, 80, 80, 80, 80, 80, 80, 80, 80, 80,
	80, 80, 80, 80, 80, 80, 80, 80, 80, 80, 80, 80, 80, 80, 80, 80, 80, 80,
	80, 80, 80, 80, 80, 80, 80, 80, 80, 80, 80, 80, 80, 80, 80, 80, 80, 80,
}
