OPEN_Lower = {
	1400,    0, 1400, 1400, 1400, 1400, 1400, 1400, 1400, 1400, 1400, 1400, 1400, 1400, 1400, 1400, 1400, 1400,
	1400,    0, 1400, 1400, 1400, 1400, 1400, 1400, 1400, 1400, 1400, 1400, 1400, 1400, 1400, 1400, 1400, 1400,
	1400, 1400, 1400, 1400, 1400, 1400, 1400, 1400, 1400, 1400, 1400, 1400, 1400, 1400, 1400, 1400, 1400, 1400,
	1400, 1400, 1400, 1400, 1400, 1400, 1400, 1400, 1400, 1400, 1400, 1400, 1400, 1400, 1400, 1400, 1400, 1400,
	1400, 1400, 1400, 1400, 1400, 1400, 1400, 1400, 1400, 1400, 1400, 1400, 1400, 1400, 1400, 1400, 1400, 1400,
	1400, 1400, 1400, 1400, 1400, 1400, 1400, 1400, 1400, 1400, 1400, 1400, 1400, 1400, 1400, 1400, 1400, 1400,
	1400, 1400, 1400, 1400, 1400, 1400, 1400, 1400, 1400, 1400, 1400, 1400, 1400, 1400, 1400, 1400, 1400, 1400,
	1400, 1400, 1400, 1400, 1400, 1400, 1400, 1400, 1400, 1400, 1400, 1400, 1400, 1400, 1400, 1400, 1400, 1400,
	1400, 1400, 1400, 1400, 1400, 1400, 1400, 1400, 1400, 1400, 1400, 1400, 1400, 1400, 1400, 1400, 1400, 1400,
	1400, 1400, 1400, 1400, 1400, 1400, 1400, 1400, 1400, 1400, 1400, 1400, 1400, 1400, 1400, 1400, 1400, 1400,
	1400, 1400, 1400, 1400, 1400, 1400, 1400, 1400, 1400, 1400, 1400, 1400, 1400, 1400, 1400, 1400, 1400, 1400,
	1400, 1400, 1400, 1400, 1400, 1400, 1400, 1400, 1400, 1400, 1400, 1400, 1400, 1400, 1400, 1400, 1400, 1400,
	1400, 1400, 1400, 1400, 1400, 1400, 1400, 1400, 1400, 1400, 1400, 1400, 1400, 1400, 1400, 1400, 1400, 1400,
	1400, 1400, 1400, 1400, 1400, 1400, 1400, 1400, 1400, 1400, 1400, 1400, 1400, 1400, 1400, 1400, 1400, 1400,
	1400, 1400, 1400, 1400, 1400, 1400, 1400, 1400, 1400, 1400, 1400, 1400, 1400, 1400, 1400, 1400, 1400, 1400,
	1400, 1400, 1400, 1400, 1400, 1400, 1400, 1400, 1400, 1400, 1400, 1400, 1400, 1400, 1400, 1400, 1400, 1400,
	1400, 1400, 1400, 1400, 1400, 1400, 1400, 1400, 1400, 1400, 1400, 1400, 1400, 1400, 1400, 1400, 1400, 1400,
	1400, 1400, 1400, 1400, 1400, 1400, 1400, 1400, 1400, 1400, 1400, 1400, 1400, 1400, 1400, 1400, 1400, 1400,
	1400, 1400, 1400, 1400, 1400, 1400, 1400, 1400, 1400, 1400, 1400, 1400, 1400, 1400, 1400, 1400, 1400, 1400,
	1400, 1400, 1400, 1400, 1400, 1400, 1400, 1400, 1400, 1400, 1400, 1400, 1400, 1400, 1400, 1400, 1400, 1400,
	1400, 1400, 1400, 1400, 1400, 1400, 1400, 1400, 1400, 1400, 1400, 1400, 1400, 1400, 1400, 1400, 1400, 1400,
	1400, 1400, 1400, 1400, 1400, 1400, 1400, 1400, 1400, 1400, 1400, 1400, 1400, 1400, 1400, 1400, 1400, 1400,
	1400, 1400, 1400, 1400, 1400, 1400, 1400, 1400, 1400, 1400, 1400, 1400, 1400, 1400, 1400, 1400, 1400, 1400,
	1400, 1400, 1400, 1400, 1400, 1400, 1400, 1400, 1400, 1400, 1400, 1400, 1400, 1400, 1400, 1400, 1400, 1400,
	1400, 1400, 1400, 1400, 1400, 1400, 1400, 1400, 1400, 1400, 1400, 1400, 1400, 1400, 1400, 1400, 1400, 1400,
	1400, 1400, 1400, 1400, 1400, 1400, 1400, 1400, 1400, 1400, 1400, 1400, 1400, 1400, 1400, 1400, 1400, 1400,
	1400, 1400, 1400, 1400, 1400, 1400, 1400, 1400, 1400, 1400, 1400, 1400, 1400, 1400, 1400, 1400, 1400, 1400,
	1400, 1400, 1400, 1400, 1400, 1400, 1400, 1400, 1400, 1400, 1400, 1400, 1400, 1400, 1400, 1400, 1400, 1400,
	1400, 1400, 1400, 1400, 1400, 1400, 1400, 1400, 1400, 1400, 1400, 1400, 1400, 1400, 1400, 1400, 1400, 1400,
	1400, 1400, 1400, 1400, 1400, 1400, 1400, 1400, 1400, 1400, 1400, 1400, 1400, 1400, 1400, 1400, 1400, 1400,
	1400, 1400, 1400, 1400, 1400, 1400, 1400, 1400, 1400, 1400, 1400, 1400, 1400, 1400, 1400, 1400, 1400, 1400,
	1400, 1400, 1400, 1400, 1400, 1400, 1400, 1400, 1400, 1400, 1400, 1400, 1400, 1400, 1400, 1400, 1400, 1400,
	1400, 1400, 1400, 1400, 1400, 1400, 1400, 1400, 1400, 1400, 1400, 1400, 1400, 1400, 1400, 1400, 1400, 1400,
	1400, 1400, 1400, 1400, 1400, 1400, 1400, 1400, 1400, 1400, 1400, 1400, 1400, 1400, 1400, 1400, 1400, 1400,
	1400, 1400, 1400, 1400, 1400, 1400, 1400, 1400, 1400, 1400, 1400, 1400, 1400, 1400, 1400, 1400, 1400, 1400,
	1400, 1400, 1400, 1400, 1400, 1400, 1400, 1400, 1400, 1400, 1400, 1400, 1400, 1400, 1400, 1400, 1400, 1400,
}

OPEN_Upper = {
	9999, 9999, 9999, 9999, 9999, 9999, 9999, 9999, 9999, 9999, 9999, 9999, 9999, 9999, 9999, 9999, 9999, 9999,
	9999, 9999, 9999, 9999, 9999, 9999, 9999, 9999, 9999, 9999, 9999, 9999, 9999, 9999, 9999, 9999, 9999, 9999,
	9999, 9999, 9999, 9999, 9999, 9999, 9999, 9999, 9999, 9999, 9999, 9999, 9999, 9999, 9999, 9999, 9999, 9999,
	9999, 9999, 9999, 9999, 9999, 9999, 9999, 9999, 9999, 9999, 9999, 9999, 9999, 9999, 9999, 9999, 9999, 9999,
	9999, 9999, 9999, 9999, 9999, 9999, 9999, 9999, 9999, 9999, 9999, 9999, 9999, 9999, 9999, 9999, 9999, 9999,
	9999, 9999, 9999, 9999, 9999, 9999, 9999, 9999, 9999, 9999, 9999, 9999, 9999, 9999, 9999, 9999, 9999, 9999,
	9999, 9999, 9999, 9999, 9999, 9999, 9999, 9999, 9999, 9999, 9999, 9999, 9999, 9999, 9999, 9999, 9999, 9999,
	9999, 9999, 9999, 9999, 9999, 9999, 9999, 9999, 9999, 9999, 9999, 9999, 9999, 9999, 9999, 9999, 9999, 9999,
	9999, 9999, 9999, 9999, 9999, 9999, 9999, 9999, 9999, 9999, 9999, 9999, 9999, 9999, 9999, 9999, 9999, 9999,
	9999, 9999, 9999, 9999, 9999, 9999, 9999, 9999, 9999, 9999, 9999, 9999, 9999, 9999, 9999, 9999, 9999, 9999,
	9999, 9999, 9999, 9999, 9999, 9999, 9999, 9999, 9999, 9999, 9999, 9999, 9999, 9999, 9999, 9999, 9999, 9999,
	9999, 9999, 9999, 9999, 9999, 9999, 9999, 9999, 9999, 9999, 9999, 9999, 9999, 9999, 9999, 9999, 9999, 9999,
	9999, 9999, 9999, 9999, 9999, 9999, 9999, 9999, 9999, 9999, 9999, 9999, 9999, 9999, 9999, 9999, 9999, 9999,
	9999, 9999, 9999, 9999, 9999, 9999, 9999, 9999, 9999, 9999, 9999, 9999, 9999, 9999, 9999, 9999, 9999, 9999,
	9999, 9999, 9999, 9999, 9999, 9999, 9999, 9999, 9999, 9999, 9999, 9999, 9999, 9999, 9999, 9999, 9999, 9999,
	9999, 9999, 9999, 9999, 9999, 9999, 9999, 9999, 9999, 9999, 9999, 9999, 9999, 9999, 9999, 9999, 9999, 9999,
	9999, 9999, 9999, 9999, 9999, 9999, 9999, 9999, 9999, 9999, 9999, 9999, 9999, 9999, 9999, 9999, 9999, 9999,
	9999, 9999, 9999, 9999, 9999, 9999, 9999, 9999, 9999, 9999, 9999, 9999, 9999, 9999, 9999, 9999, 9999, 9999,
	9999, 9999, 9999, 9999, 9999, 9999, 9999, 9999, 9999, 9999, 9999, 9999, 9999, 9999, 9999, 9999, 9999, 9999,
	9999, 9999, 9999, 9999, 9999, 9999, 9999, 9999, 9999, 9999, 9999, 9999, 9999, 9999, 9999, 9999, 9999, 9999,
	9999, 9999, 9999, 9999, 9999, 9999, 9999, 9999, 9999, 9999, 9999, 9999, 9999, 9999, 9999, 9999, 9999, 9999,
	9999, 9999, 9999, 9999, 9999, 9999, 9999, 9999, 9999, 9999, 9999, 9999, 9999, 9999, 9999, 9999, 9999, 9999,
	9999, 9999, 9999, 9999, 9999, 9999, 9999, 9999, 9999, 9999, 9999, 9999, 9999, 9999, 9999, 9999, 9999, 9999,
	9999, 9999, 9999, 9999, 9999, 9999, 9999, 9999, 9999, 9999, 9999, 9999, 9999, 9999, 9999, 9999, 9999, 9999,
	9999, 9999, 9999, 9999, 9999, 9999, 9999, 9999, 9999, 9999, 9999, 9999, 9999, 9999, 9999, 9999, 9999, 9999,
	9999, 9999, 9999, 9999, 9999, 9999, 9999, 9999, 9999, 9999, 9999, 9999, 9999, 9999, 9999, 9999, 9999, 9999,
	9999, 9999, 9999, 9999, 9999, 9999, 9999, 9999, 9999, 9999, 9999, 9999, 9999, 9999, 9999, 9999, 9999, 9999,
	9999, 9999, 9999, 9999, 9999, 9999, 9999, 9999, 9999, 9999, 9999, 9999, 9999, 9999, 9999, 9999, 9999, 9999,
	9999, 9999, 9999, 9999, 9999, 9999, 9999, 9999, 9999, 9999, 9999, 9999, 9999, 9999, 9999, 9999, 9999, 9999,
	9999, 9999, 9999, 9999, 9999, 9999, 9999, 9999, 9999, 9999, 9999, 9999, 9999, 9999, 9999, 9999, 9999, 9999,
	9999, 9999, 9999, 9999, 9999, 9999, 9999, 9999, 9999, 9999, 9999, 9999, 9999, 9999, 9999, 9999, 9999, 9999,
	9999, 9999, 9999, 9999, 9999, 9999, 9999, 9999, 9999, 9999, 9999, 9999, 9999, 9999, 9999, 9999, 9999, 9999,
	9999, 9999, 9999, 9999, 9999, 9999, 9999, 9999, 9999, 9999, 9999, 9999, 9999, 9999, 9999, 9999, 9999, 9999,
	9999, 9999, 9999, 9999, 9999, 9999, 9999, 9999, 9999, 9999, 9999, 9999, 9999, 9999, 9999, 9999, 9999, 9999,
	9999, 9999, 9999, 9999, 9999, 9999, 9999, 9999, 9999, 9999, 9999, 9999, 9999, 9999, 9999, 9999, 9999, 9999,
	9999, 9999, 9999, 9999, 9999, 9999, 9999, 9999, 9999, 9999, 9999, 9999, 9999, 9999, 9999, 9999, 9999, 9999,
}

SHORT_Lower = {
	 600,  600,  600,  600,  600,  600,  600,  600,  600,  600,  600,  600,  600,  600,  600,  600,  600,  600,
	 600,  600,  600,  600,  600,  600,  600,  600,  600,  600,  600,  600,  600,  600,  600,  600,  600,  600,
	 600,  600,  600,  600,  600,  600,  600,  600,  600,  600,  600,  600,  600,  600,  600,  600,  600,  600,
	 600,  600,  600,  600,  600,  600,  600,  600,  600,  600,  600,  600,  600,  600,  600,  600,  600,  600,
	 600,  600,  600,  600,  600,  600,  600,  600,  600,  600,  600,  600,  600,  600,  600,  600,  600,  600,
	 600,  600,  600,  600,  600,  600,  600,  600,  600,  600,  600,  600,  600,  600,  600,  600,  600,  600,
	 600,  600,  600,  600,  600,  600,  600,  600,  600,  600,  600,  600,  600,  600,  600,  600,  600,  600,
	 600,  600,  600,  600,  600,  600,  600,  600,  600,  600,  600,  600,  600,  600,  600,  600,  600,  600,
	 600,  600,  600,  600,  600,  600,  600,  600,  600,  600,  600,  600,  600,  600,  600,  600,  600,  600,
	 600,  600,  600,  600,  600,  600,  600,  600,  600,  600,  600,  600,  600,  600,  600,  600,  600,  600,
	 600,  600,  600,  600,  600,  600,  600,  600,  600,  600,  600,  600,  600,  600,  600,  600,  600,  600,
	 600,  600,  600,  600,  600,  600,  600,  600,  600,  600,  600,  600,  600,  600,  600,  600,  600,  600,
	 600,  600,  600,  600,  600,  600,  600,  600,  600,  600,  600,  600,  600,  600,  600,  600,  600,  600,
	 600,  600,  600,  600,  600,  600,  600,  600,  600,  600,  600,  600,  600,  600,  600,  600,  600,  600,
	 600,  600,  600,  600,  600,  600,  600,  600,  600,  600,  600,  600,  600,  600,  600,  600,  600,  600,
	 600,  600,  600,  600,  600,  600,  600,  600,  600,  600,  600,  600,  600,  600,  600,  600,  600,  600,
	 600,  600,  600,  600,  600,  600,  600,  600,  600,  600,  600,  600,  600,  600,  600,  600,  600,  600,
	 600,  600,  600,  600,  600,  600,  600,  600,  600,  600,  600,  600,  600,  600,  600,  600,  600,  600,
	 600,  600,  600,  600,  600,  600,  600,  600,  600,  600,  600,  600,  600,  600,  600,  600,  600,  600,
	 600,  600,  600,  600,  600,  600,  600,  600,  600,  600,  600,  600,  600,  600,  600,  600,  600,  600,
	 600,  600,  600,  600,  600,  600,  600,  600,  600,  600,  600,  600,  600,  600,  600,  600,  600,  600,
	 600,  600,  600,  600,  600,  600,  600,  600,  600,  600,  600,  600,  600,  600,  600,  600,  600,  600,
	 600,  600,  600,  600,  600,  600,  600,  600,  600,  600,  600,  600,  600,  600,  600,  600,  600,  600,
	 600,  600,  600,  600,  600,  600,  600,  600,  600,  600,  600,  600,  600,  600,  600,  600,  600,  600,
	 600,  600,  600,  600,  600,  600,  600,  600,  600,  600,  600,  600,  600,  600,  600,  600,  600,  600,
	 600,  600,  600,  600,  600,  600,  600,  600,  600,  600,  600,  600,  600,  600,  600,  600,  600,  600,
	 600,  600,  600,  600,  600,  600,  600,  600,  600,  600,  600,  600,  600,  600,  600,  600,  600,  600,
	 600,  600,  600,  600,  600,  600,  600,  600,  600,  600,  600,  600,  600,  600,  600,  600,  600,  600,
	 600,  600,  600,  600,  600,  600,  600,  600,  600,  600,  600,  600,  600,  600,  600,  600,  600,  600,
	 600,  600,  600,  600,  600,  600,  600,  600,  600,  600,  600,  600,  600,  600,  600,  600,  600,  600,
	 600,  600,  600,  600,  600,  600,  600,  600,  600,  600,  600,  600,  600,  600,  600,  600,  600,  600,
	 600,  600,  600,  600,  600,  600,  600,  600,  600,  600,  600,  600,  600,  600,  600,  600,  600,  600,
	 600,  600,  600,  600,  600,  600,  600,  600,  600,  600,  600,  600,  600,  600,  600,  600,  600,  600,
	 600,  600,  600,  600,  600,  600,  600,  600,  600,  600,  600,  600,  600,  600,  600,  600,  600,  600,
	 600,  600,  600,  600,  600,  600,  600,  600,  600,  600,  600,  600,  600,  600,  600,  600,  600,  600,
	 600,  600,  600,  600,  600,  600,  600,  600,  600,  600,  600,  600,  600,  600,  600,  600,  600,  600,
}

SHORT_Upper = {
	9999, 9999, 9999, 9999, 9999, 9999, 9999, 9999, 9999, 9999, 9999, 9999, 9999, 9999, 9999, 9999, 9999, 9999,
	9999, 9999, 9999, 9999, 9999, 9999, 9999, 9999, 9999, 9999, 9999, 9999, 9999, 9999, 9999, 9999, 9999, 9999,
	9999, 9999, 9999, 9999, 9999, 9999, 9999, 9999, 9999, 9999, 9999, 9999, 9999, 9999, 9999, 9999, 9999, 9999,
	9999, 9999, 9999, 9999, 9999, 9999, 9999, 9999, 9999, 9999, 9999, 9999, 9999, 9999, 9999, 9999, 9999, 9999,
	9999, 9999, 9999, 9999, 9999, 9999, 9999, 9999, 9999, 9999, 9999, 9999, 9999, 9999, 9999, 9999, 9999, 9999,
	9999, 9999, 9999, 9999, 9999, 9999, 9999, 9999, 9999, 9999, 9999, 9999, 9999, 9999, 9999, 9999, 9999, 9999,
	9999, 9999, 9999, 9999, 9999, 9999, 9999, 9999, 9999, 9999, 9999, 9999, 9999, 9999, 9999, 9999, 9999, 9999,
	9999, 9999, 9999, 9999, 9999, 9999, 9999, 9999, 9999, 9999, 9999, 9999, 9999, 9999, 9999, 9999, 9999, 9999,
	9999, 9999, 9999, 9999, 9999, 9999, 9999, 9999, 9999, 9999, 9999, 9999, 9999, 9999, 9999, 9999, 9999, 9999,
	9999, 9999, 9999, 9999, 9999, 9999, 9999, 9999, 9999, 9999, 9999, 9999, 9999, 9999, 9999, 9999, 9999, 9999,
	9999, 9999, 9999, 9999, 9999, 9999, 9999, 9999, 9999, 9999, 9999, 9999, 9999, 9999, 9999, 9999, 9999, 9999,
	9999, 9999, 9999, 9999, 9999, 9999, 9999, 9999, 9999, 9999, 9999, 9999, 9999, 9999, 9999, 9999, 9999, 9999,
	9999, 9999, 9999, 9999, 9999, 9999, 9999, 9999, 9999, 9999, 9999, 9999, 9999, 9999, 9999, 9999, 9999, 9999,
	9999, 9999, 9999, 9999, 9999, 9999, 9999, 9999, 9999, 9999, 9999, 9999, 9999, 9999, 9999, 9999, 9999, 9999,
	9999, 9999, 9999, 9999, 9999, 9999, 9999, 9999, 9999, 9999, 9999, 9999, 9999, 9999, 9999, 9999, 9999, 9999,
	9999, 9999, 9999, 9999, 9999, 9999, 9999, 9999, 9999, 9999, 9999, 9999, 9999, 9999, 9999, 9999, 9999, 9999,
	9999, 9999, 9999, 9999, 9999, 9999, 9999, 9999, 9999, 9999, 9999, 9999, 9999, 9999, 9999, 9999, 9999, 9999,
	9999, 9999, 9999, 9999, 9999, 9999, 9999, 9999, 9999, 9999, 9999, 9999, 9999, 9999, 9999, 9999, 9999, 9999,
	9999, 9999, 9999, 9999, 9999, 9999, 9999, 9999, 9999, 9999, 9999, 9999, 9999, 9999, 9999, 9999, 9999, 9999,
	9999, 9999, 9999, 9999, 9999, 9999, 9999, 9999, 9999, 9999, 9999, 9999, 9999, 9999, 9999, 9999, 9999, 9999,
	9999, 9999, 9999, 9999, 9999, 9999, 9999, 9999, 9999, 9999, 9999, 9999, 9999, 9999, 9999, 9999, 9999, 9999,
	9999, 9999, 9999, 9999, 9999, 9999, 9999, 9999, 9999, 9999, 9999, 9999, 9999, 9999, 9999, 9999, 9999, 9999,
	9999, 9999, 9999, 9999, 9999, 9999, 9999, 9999, 9999, 9999, 9999, 9999, 9999, 9999, 9999, 9999, 9999, 9999,
	9999, 9999, 9999, 9999, 9999, 9999, 9999, 9999, 9999, 9999, 9999, 9999, 9999, 9999, 9999, 9999, 9999, 9999,
	9999, 9999, 9999, 9999, 9999, 9999, 9999, 9999, 9999, 9999, 9999, 9999, 9999, 9999, 9999, 9999, 9999, 9999,
	9999, 9999, 9999, 9999, 9999, 9999, 9999, 9999, 9999, 9999, 9999, 9999, 9999, 9999, 9999, 9999, 9999, 9999,
	9999, 9999, 9999, 9999, 9999, 9999, 9999, 9999, 9999, 9999, 9999, 9999, 9999, 9999, 9999, 9999, 9999, 9999,
	9999, 9999, 9999, 9999, 9999, 9999, 9999, 9999, 9999, 9999, 9999, 9999, 9999, 9999, 9999, 9999, 9999, 9999,
	9999, 9999, 9999, 9999, 9999, 9999, 9999, 9999, 9999, 9999, 9999, 9999, 9999, 9999, 9999, 9999, 9999, 9999,
	9999, 9999, 9999, 9999, 9999, 9999, 9999, 9999, 9999, 9999, 9999, 9999, 9999, 9999, 9999, 9999, 9999, 9999,
	9999, 9999, 9999, 9999, 9999, 9999, 9999, 9999, 9999, 9999, 9999, 9999, 9999, 9999, 9999, 9999, 9999, 9999,
	9999, 9999, 9999, 9999, 9999, 9999, 9999, 9999, 9999, 9999, 9999, 9999, 9999, 9999, 9999, 9999, 9999, 9999,
	9999, 9999, 9999, 9999, 9999, 9999, 9999, 9999, 9999, 9999, 9999, 9999, 9999, 9999, 9999, 9999, 9999, 9999,
	9999, 9999, 9999, 9999, 9999, 9999, 9999, 9999, 9999, 9999, 9999, 9999, 9999, 9999, 9999, 9999, 9999, 9999,
	9999, 9999, 9999, 9999, 9999, 9999, 9999, 9999, 9999, 9999, 9999, 9999, 9999, 9999, 9999, 9999, 9999, 9999,
	9999, 9999, 9999, 9999, 9999, 9999, 9999, 9999, 9999, 9999, 9999, 9999, 9999, 9999, 9999, 9999, 9999, 9999,
}

U3_M2_Lower = {
	4400,    0, 4400, 4400, 4400, 4400, 4400, 4400, 4400, 4400, 4400, 4400, 4400, 4400, 4400, 4400, 4400, 4400,
	4400,    0, 4400, 4400, 4400, 4400, 4400, 4400, 4400, 4400, 4400, 4400, 4400, 4400, 4400, 4400, 4400, 4400,
	4400, 4400, 4400, 4400, 4400, 4400, 4400, 4400, 4400, 4400, 4400, 4400, 4400, 4400, 4400, 4400, 4400, 4400,
	4400, 4400, 4400, 4400, 4400, 4400, 4400, 4400, 4400, 4400, 4400, 4400, 4400, 4400, 4400, 4400, 4400, 4400,
	4400, 4400, 4400, 4400, 4400, 4400, 4400, 4400, 4400, 4400, 4400, 4400, 4400, 4400, 4400, 4400, 4400, 4400,
	4400, 4400, 4400, 4400, 4400, 4400, 4400, 4400, 4400, 4400, 4400, 4400, 4400, 4400, 4400, 4400, 4400, 4400,
	4400, 4400, 4400, 4400, 4400, 4400, 4400, 4400, 4400, 4400, 4400, 4400, 4400, 4400, 4400, 4400, 4400, 4400,
	4400, 4400, 4400, 4400, 4400, 4400, 4400, 4400, 4400, 4400, 4400, 4400, 4400, 4400, 4400, 4400, 4400, 4400,
	4400, 4400, 4400, 4400, 4400, 4400, 4400, 4400, 4400, 4400, 4400, 4400, 4400, 4400, 4400, 4400, 4400, 4400,
	4400, 4400, 4400, 4400, 4400, 4400, 4400, 4400, 4400, 4400, 4400, 4400, 4400, 4400, 4400, 4400, 4400, 4400,
	4400, 4400, 4400, 4400, 4400, 4400, 4400, 4400, 4400, 4400, 4400, 4400, 4400, 4400, 4400, 4400, 4400, 4400,
	4400, 4400, 4400, 4400, 4400, 4400, 4400, 4400, 4400, 4400, 4400, 4400, 4400, 4400, 4400, 4400, 4400, 4400,
	4400, 4400, 4400, 4400, 4400, 4400, 4400, 4400, 4400, 4400, 4400, 4400, 4400, 4400, 4400, 4400, 4400, 4400,
	4400, 4400, 4400, 4400, 4400, 4400, 4400, 4400, 4400, 4400, 4400, 4400, 4400, 4400, 4400, 4400, 4400, 4400,
	4400, 4400, 4400, 4400, 4400, 4400, 4400, 4400, 4400, 4400, 4400, 4400, 4400, 4400, 4400, 4400, 4400, 4400,
	4400, 4400, 4400, 4400, 4400, 4400, 4400, 4400, 4400, 4400, 4400, 4400, 4400, 4400, 4400, 4400, 4400, 4400,
	4400, 4400, 4400, 4400, 4400, 4400, 4400, 4400, 4400, 4400, 4400, 4400, 4400, 4400, 4400, 4400, 4400, 4400,
	4400, 4400, 4400, 4400, 4400, 4400, 4400, 4400, 4400, 4400, 4400, 4400, 4400, 4400, 4400, 4400, 4400, 4400,
	4400, 4400, 4400, 4400, 4400, 4400, 4400, 4400, 4400, 4400, 4400, 4400, 4400, 4400, 4400, 4400, 4400, 4400,
	4400, 4400, 4400, 4400, 4400, 4400, 4400, 4400, 4400, 4400, 4400, 4400, 4400, 4400, 4400, 4400, 4400, 4400,
	4400, 4400, 4400, 4400, 4400, 4400, 4400, 4400, 4400, 4400, 4400, 4400, 4400, 4400, 4400, 4400, 4400, 4400,
	4400, 4400, 4400, 4400, 4400, 4400, 4400, 4400, 4400, 4400, 4400, 4400, 4400, 4400, 4400, 4400, 4400, 4400,
	4400, 4400, 4400, 4400, 4400, 4400, 4400, 4400, 4400, 4400, 4400, 4400, 4400, 4400, 4400, 4400, 4400, 4400,
	4400, 4400, 4400, 4400, 4400, 4400, 4400, 4400, 4400, 4400, 4400, 4400, 4400, 4400, 4400, 4400, 4400, 4400,
	4400, 4400, 4400, 4400, 4400, 4400, 4400, 4400, 4400, 4400, 4400, 4400, 4400, 4400, 4400, 4400, 4400, 4400,
	4400, 4400, 4400, 4400, 4400, 4400, 4400, 4400, 4400, 4400, 4400, 4400, 4400, 4400, 4400, 4400, 4400, 4400,
	4400, 4400, 4400, 4400, 4400, 4400, 4400, 4400, 4400, 4400, 4400, 4400, 4400, 4400, 4400, 4400, 4400, 4400,
	4400, 4400, 4400, 4400, 4400, 4400, 4400, 4400, 4400, 4400, 4400, 4400, 4400, 4400, 4400, 4400, 4400, 4400,
	4400, 4400, 4400, 4400, 4400, 4400, 4400, 4400, 4400, 4400, 4400, 4400, 4400, 4400, 4400, 4400, 4400, 4400,
	4400, 4400, 4400, 4400, 4400, 4400, 4400, 4400, 4400, 4400, 4400, 4400, 4400, 4400, 4400, 4400, 4400, 4400,
	4400, 4400, 4400, 4400, 4400, 4400, 4400, 4400, 4400, 4400, 4400, 4400, 4400, 4400, 4400, 4400, 4400, 4400,
	4400, 4400, 4400, 4400, 4400, 4400, 4400, 4400, 4400, 4400, 4400, 4400, 4400, 4400, 4400, 4400, 4400, 4400,
	4400, 4400, 4400, 4400, 4400, 4400, 4400, 4400, 4400, 4400, 4400, 4400, 4400, 4400, 4400, 4400, 4400, 4400,
	4400, 4400, 4400, 4400, 4400, 4400, 4400, 4400, 4400, 4400, 4400, 4400, 4400, 4400, 4400, 4400, 4400, 4400,
	4400, 4400, 4400, 4400, 4400, 4400, 4400, 4400, 4400, 4400, 4400, 4400, 4400, 4400, 4400, 4400, 4400, 4400,
	4400, 4400, 4400, 4400, 4400, 4400, 4400, 4400, 4400, 4400, 4400, 4400, 4400, 4400, 4400, 4400, 4400, 4400,
}
U3_M2_Upper = {
	5900, 9999, 5900, 5900, 5900, 5900, 5900, 5900, 5900, 5900, 5900, 5900, 5900, 5900, 5900, 5900, 5900, 5900,
	5900, 9999, 5900, 5900, 5900, 5900, 5900, 5900, 5900, 5900, 5900, 5900, 5900, 5900, 5900, 5900, 5900, 5900,
	5900, 5900, 5900, 5900, 5900, 5900, 5900, 5900, 5900, 5900, 5900, 5900, 5900, 5900, 5900, 5900, 5900, 5900,
	5900, 5900, 5900, 5900, 5900, 5900, 5900, 5900, 5900, 5900, 5900, 5900, 5900, 5900, 5900, 5900, 5900, 5900,
	5900, 5900, 5900, 5900, 5900, 5900, 5900, 5900, 5900, 5900, 5900, 5900, 5900, 5900, 5900, 5900, 5900, 5900,
	5900, 5900, 5900, 5900, 5900, 5900, 5900, 5900, 5900, 5900, 5900, 5900, 5900, 5900, 5900, 5900, 5900, 5900,
	5900, 5900, 5900, 5900, 5900, 5900, 5900, 5900, 5900, 5900, 5900, 5900, 5900, 5900, 5900, 5900, 5900, 5900,
	5900, 5900, 5900, 5900, 5900, 5900, 5900, 5900, 5900, 5900, 5900, 5900, 5900, 5900, 5900, 5900, 5900, 5900,
	5900, 5900, 5900, 5900, 5900, 5900, 5900, 5900, 5900, 5900, 5900, 5900, 5900, 5900, 5900, 5900, 5900, 5900,
	5900, 5900, 5900, 5900, 5900, 5900, 5900, 5900, 5900, 5900, 5900, 5900, 5900, 5900, 5900, 5900, 5900, 5900,
	5900, 5900, 5900, 5900, 5900, 5900, 5900, 5900, 5900, 5900, 5900, 5900, 5900, 5900, 5900, 5900, 5900, 5900,
	5900, 5900, 5900, 5900, 5900, 5900, 5900, 5900, 5900, 5900, 5900, 5900, 5900, 5900, 5900, 5900, 5900, 5900,
	5900, 5900, 5900, 5900, 5900, 5900, 5900, 5900, 5900, 5900, 5900, 5900, 5900, 5900, 5900, 5900, 5900, 5900,
	5900, 5900, 5900, 5900, 5900, 5900, 5900, 5900, 5900, 5900, 5900, 5900, 5900, 5900, 5900, 5900, 5900, 5900,
	5900, 5900, 5900, 5900, 5900, 5900, 5900, 5900, 5900, 5900, 5900, 5900, 5900, 5900, 5900, 5900, 5900, 5900,
	5900, 5900, 5900, 5900, 5900, 5900, 5900, 5900, 5900, 5900, 5900, 5900, 5900, 5900, 5900, 5900, 5900, 5900,
	5900, 5900, 5900, 5900, 5900, 5900, 5900, 5900, 5900, 5900, 5900, 5900, 5900, 5900, 5900, 5900, 5900, 5900,
	5900, 5900, 5900, 5900, 5900, 5900, 5900, 5900, 5900, 5900, 5900, 5900, 5900, 5900, 5900, 5900, 5900, 5900,
	5900, 5900, 5900, 5900, 5900, 5900, 5900, 5900, 5900, 5900, 5900, 5900, 5900, 5900, 5900, 5900, 5900, 5900,
	5900, 5900, 5900, 5900, 5900, 5900, 5900, 5900, 5900, 5900, 5900, 5900, 5900, 5900, 5900, 5900, 5900, 5900,
	5900, 5900, 5900, 5900, 5900, 5900, 5900, 5900, 5900, 5900, 5900, 5900, 5900, 5900, 5900, 5900, 5900, 5900,
	5900, 5900, 5900, 5900, 5900, 5900, 5900, 5900, 5900, 5900, 5900, 5900, 5900, 5900, 5900, 5900, 5900, 5900,
	5900, 5900, 5900, 5900, 5900, 5900, 5900, 5900, 5900, 5900, 5900, 5900, 5900, 5900, 5900, 5900, 5900, 5900,
	5900, 5900, 5900, 5900, 5900, 5900, 5900, 5900, 5900, 5900, 5900, 5900, 5900, 5900, 5900, 5900, 5900, 5900,
	5900, 5900, 5900, 5900, 5900, 5900, 5900, 5900, 5900, 5900, 5900, 5900, 5900, 5900, 5900, 5900, 5900, 5900,
	5900, 5900, 5900, 5900, 5900, 5900, 5900, 5900, 5900, 5900, 5900, 5900, 5900, 5900, 5900, 5900, 5900, 5900,
	5900, 5900, 5900, 5900, 5900, 5900, 5900, 5900, 5900, 5900, 5900, 5900, 5900, 5900, 5900, 5900, 5900, 5900,
	5900, 5900, 5900, 5900, 5900, 5900, 5900, 5900, 5900, 5900, 5900, 5900, 5900, 5900, 5900, 5900, 5900, 5900,
	5900, 5900, 5900, 5900, 5900, 5900, 5900, 5900, 5900, 5900, 5900, 5900, 5900, 5900, 5900, 5900, 5900, 5900,
	5900, 5900, 5900, 5900, 5900, 5900, 5900, 5900, 5900, 5900, 5900, 5900, 5900, 5900, 5900, 5900, 5900, 5900,
	5900, 5900, 5900, 5900, 5900, 5900, 5900, 5900, 5900, 5900, 5900, 5900, 5900, 5900, 5900, 5900, 5900, 5900,
	5900, 5900, 5900, 5900, 5900, 5900, 5900, 5900, 5900, 5900, 5900, 5900, 5900, 5900, 5900, 5900, 5900, 5900,
	5900, 5900, 5900, 5900, 5900, 5900, 5900, 5900, 5900, 5900, 5900, 5900, 5900, 5900, 5900, 5900, 5900, 5900,
	5900, 5900, 5900, 5900, 5900, 5900, 5900, 5900, 5900, 5900, 5900, 5900, 5900, 5900, 5900, 5900, 5900, 5900,
	5900, 5900, 5900, 5900, 5900, 5900, 5900, 5900, 5900, 5900, 5900, 5900, 5900, 5900, 5900, 5900, 5900, 5900,
	5900, 5900, 5900, 5900, 5900, 5900, 5900, 5900, 5900, 5900, 5900, 5900, 5900, 5900, 5900, 5900, 5900, 5900,
}
U3_M2_JITTER_Lower = {
	0, 0, 0, 0, 0, 0, 0, 0, 0, 0, 0, 0, 0, 0, 0, 0, 0, 0,
	0, 0, 0, 0, 0, 0, 0, 0, 0, 0, 0, 0, 0, 0, 0, 0, 0, 0,
	0, 0, 0, 0, 0, 0, 0, 0, 0, 0, 0, 0, 0, 0, 0, 0, 0, 0,
	0, 0, 0, 0, 0, 0, 0, 0, 0, 0, 0, 0, 0, 0, 0, 0, 0, 0,
	0, 0, 0, 0, 0, 0, 0, 0, 0, 0, 0, 0, 0, 0, 0, 0, 0, 0,
	0, 0, 0, 0, 0, 0, 0, 0, 0, 0, 0, 0, 0, 0, 0, 0, 0, 0,
	0, 0, 0, 0, 0, 0, 0, 0, 0, 0, 0, 0, 0, 0, 0, 0, 0, 0,
	0, 0, 0, 0, 0, 0, 0, 0, 0, 0, 0, 0, 0, 0, 0, 0, 0, 0,
	0, 0, 0, 0, 0, 0, 0, 0, 0, 0, 0, 0, 0, 0, 0, 0, 0, 0,
	0, 0, 0, 0, 0, 0, 0, 0, 0, 0, 0, 0, 0, 0, 0, 0, 0, 0,
	0, 0, 0, 0, 0, 0, 0, 0, 0, 0, 0, 0, 0, 0, 0, 0, 0, 0,
	0, 0, 0, 0, 0, 0, 0, 0, 0, 0, 0, 0, 0, 0, 0, 0, 0, 0,
	0, 0, 0, 0, 0, 0, 0, 0, 0, 0, 0, 0, 0, 0, 0, 0, 0, 0,
	0, 0, 0, 0, 0, 0, 0, 0, 0, 0, 0, 0, 0, 0, 0, 0, 0, 0,
	0, 0, 0, 0, 0, 0, 0, 0, 0, 0, 0, 0, 0, 0, 0, 0, 0, 0,
	0, 0, 0, 0, 0, 0, 0, 0, 0, 0, 0, 0, 0, 0, 0, 0, 0, 0,
	0, 0, 0, 0, 0, 0, 0, 0, 0, 0, 0, 0, 0, 0, 0, 0, 0, 0,
	0, 0, 0, 0, 0, 0, 0, 0, 0, 0, 0, 0, 0, 0, 0, 0, 0, 0,
	0, 0, 0, 0, 0, 0, 0, 0, 0, 0, 0, 0, 0, 0, 0, 0, 0, 0,
	0, 0, 0, 0, 0, 0, 0, 0, 0, 0, 0, 0, 0, 0, 0, 0, 0, 0,
	0, 0, 0, 0, 0, 0, 0, 0, 0, 0, 0, 0, 0, 0, 0, 0, 0, 0,
	0, 0, 0, 0, 0, 0, 0, 0, 0, 0, 0, 0, 0, 0, 0, 0, 0, 0,
	0, 0, 0, 0, 0, 0, 0, 0, 0, 0, 0, 0, 0, 0, 0, 0, 0, 0,
	0, 0, 0, 0, 0, 0, 0, 0, 0, 0, 0, 0, 0, 0, 0, 0, 0, 0,
	0, 0, 0, 0, 0, 0, 0, 0, 0, 0, 0, 0, 0, 0, 0, 0, 0, 0,
	0, 0, 0, 0, 0, 0, 0, 0, 0, 0, 0, 0, 0, 0, 0, 0, 0, 0,
	0, 0, 0, 0, 0, 0, 0, 0, 0, 0, 0, 0, 0, 0, 0, 0, 0, 0,
	0, 0, 0, 0, 0, 0, 0, 0, 0, 0, 0, 0, 0, 0, 0, 0, 0, 0,
	0, 0, 0, 0, 0, 0, 0, 0, 0, 0, 0, 0, 0, 0, 0, 0, 0, 0,
	0, 0, 0, 0, 0, 0, 0, 0, 0, 0, 0, 0, 0, 0, 0, 0, 0, 0,
	0, 0, 0, 0, 0, 0, 0, 0, 0, 0, 0, 0, 0, 0, 0, 0, 0, 0,
	0, 0, 0, 0, 0, 0, 0, 0, 0, 0, 0, 0, 0, 0, 0, 0, 0, 0,
	0, 0, 0, 0, 0, 0, 0, 0, 0, 0, 0, 0, 0, 0, 0, 0, 0, 0,
	0, 0, 0, 0, 0, 0, 0, 0, 0, 0, 0, 0, 0, 0, 0, 0, 0, 0,
	0, 0, 0, 0, 0, 0, 0, 0, 0, 0, 0, 0, 0, 0, 0, 0, 0, 0,
	0, 0, 0, 0, 0, 0, 0, 0, 0, 0, 0, 0, 0, 0, 0, 0, 0, 0,
}
U3_M2_JITTER_Upper = {
	80, 80, 80, 80, 80, 80, 80, 80, 80, 80, 80, 80, 80, 80, 80, 80, 80, 80,
	80, 80, 80, 80, 80, 80, 80, 80, 80, 80, 80, 80, 80, 80, 80, 80, 80, 80,
	80, 80, 80, 80, 80, 80, 80, 80, 80, 80, 80, 80, 80, 80, 80, 80, 80, 80,
	80, 80, 80, 80, 80, 80, 80, 80, 80, 80, 80, 80, 80, 80, 80, 80, 80, 80,
	80, 80, 80, 80, 80, 80, 80, 80, 80, 80, 80, 80, 80, 80, 80, 80, 80, 80,
	80, 80, 80, 80, 80, 80, 80, 80, 80, 80, 80, 80, 80, 80, 80, 80, 80, 80,
	80, 80, 80, 80, 80, 80, 80, 80, 80, 80, 80, 80, 80, 80, 80, 80, 80, 80,
	80, 80, 80, 80, 80, 80, 80, 80, 80, 80, 80, 80, 80, 80, 80, 80, 80, 80,
	80, 80, 80, 80, 80, 80, 80, 80, 80, 80, 80, 80, 80, 80, 80, 80, 80, 80,
	80, 80, 80, 80, 80, 80, 80, 80, 80, 80, 80, 80, 80, 80, 80, 80, 80, 80,
	80, 80, 80, 80, 80, 80, 80, 80, 80, 80, 80, 80, 80, 80, 80, 80, 80, 80,
	80, 80, 80, 80, 80, 80, 80, 80, 80, 80, 80, 80, 80, 80, 80, 80, 80, 80,
	80, 80, 80, 80, 80, 80, 80, 80, 80, 80, 80, 80, 80, 80, 80, 80, 80, 80,
	80, 80, 80, 80, 80, 80, 80, 80, 80, 80, 80, 80, 80, 80, 80, 80, 80, 80,
	80, 80, 80, 80, 80, 80, 80, 80, 80, 80, 80, 80, 80, 80, 80, 80, 80, 80,
	80, 80, 80, 80, 80, 80, 80, 80, 80, 80, 80, 80, 80, 80, 80, 80, 80, 80,
	80, 80, 80, 80, 80, 80, 80, 80, 80, 80, 80, 80, 80, 80, 80, 80, 80, 80,
	80, 80, 80, 80, 80, 80, 80, 80, 80, 80, 80, 80, 80, 80, 80, 80, 80, 80,
	80, 80, 80, 80, 80, 80, 80, 80, 80, 80, 80, 80, 80, 80, 80, 80, 80, 80,
	80, 80, 80, 80, 80, 80, 80, 80, 80, 80, 80, 80, 80, 80, 80, 80, 80, 80,
	80, 80, 80, 80, 80, 80, 80, 80, 80, 80, 80, 80, 80, 80, 80, 80, 80, 80,
	80, 80, 80, 80, 80, 80, 80, 80, 80, 80, 80, 80, 80, 80, 80, 80, 80, 80,
	80, 80, 80, 80, 80, 80, 80, 80, 80, 80, 80, 80, 80, 80, 80, 80, 80, 80,
	80, 80, 80, 80, 80, 80, 80, 80, 80, 80, 80, 80, 80, 80, 80, 80, 80, 80,
	80, 80, 80, 80, 80, 80, 80, 80, 80, 80, 80, 80, 80, 80, 80, 80, 80, 80,
	80, 80, 80, 80, 80, 80, 80, 80, 80, 80, 80, 80, 80, 80, 80, 80, 80, 80,
	80, 80, 80, 80, 80, 80, 80, 80, 80, 80, 80, 80, 80, 80, 80, 80, 80, 80,
	80, 80, 80, 80, 80, 80, 80, 80, 80, 80, 80, 80, 80, 80, 80, 80, 80, 80,
	80, 80, 80, 80, 80, 80, 80, 80, 80, 80, 80, 80, 80, 80, 80, 80, 80, 80,
	80, 80, 80, 80, 80, 80, 80, 80, 80, 80, 80, 80, 80, 80, 80, 80, 80, 80,
	80, 80, 80, 80, 80, 80, 80, 80, 80, 80, 80, 80, 80, 80, 80, 80, 80, 80,
	80, 80, 80, 80, 80, 80, 80, 80, 80, 80, 80, 80, 80, 80, 80, 80, 80, 80,
	80, 80, 80, 80, 80, 80, 80, 80, 80, 80, 80, 80, 80, 80, 80, 80, 80, 80,
	80, 80, 80, 80, 80, 80, 80, 80, 80, 80, 80, 80, 80, 80, 80, 80, 80, 80,
	80, 80, 80, 80, 80, 80, 80, 80, 80, 80, 80, 80, 80, 80, 80, 80, 80, 80,
	80, 80, 80, 80, 80, 80, 80, 80, 80, 80, 80, 80, 80, 80, 80, 80, 80, 80,
}
U0_M1_Lower = {
	650, 650, 650, 650, 650, 650, 650, 650, 650, 650, 650, 650, 650, 650, 650, 650, 650, 650,
	650, 650, 650, 650, 650, 650, 650, 650, 650, 650, 650, 650, 650, 650, 650, 650, 650, 650,
	650, 650, 650, 650, 650, 650, 650, 650, 650, 650, 650, 650, 650, 650, 650, 650, 650, 650,
	650, 650, 650, 650, 650, 650, 650, 650, 650, 650, 650, 650, 650, 650, 650, 650, 650, 650,
	650, 650, 650, 650, 650, 650, 650, 650, 650, 650, 650, 650, 650, 650, 650, 650, 650, 650,
	650, 650, 650, 650, 650, 650, 650, 650, 650, 650, 650, 650, 650, 650, 650, 650, 650, 650,
	650, 650, 650, 650, 650, 650, 650, 650, 650, 650, 650, 650, 650, 650, 650, 650, 650, 650,
	650, 650, 650, 650, 650, 650, 650, 650, 650, 650, 650, 650, 650, 650, 650, 650, 650, 650,
	650, 650, 650, 650, 650, 650, 650, 650, 650, 650, 650, 650, 650, 650, 650, 650, 650, 650,
	650, 650, 650, 650, 650, 650, 650, 650, 650, 650, 650, 650, 650, 650, 650, 650, 650, 650,
	650, 650, 650, 650, 650, 650, 650, 650, 650, 650, 650, 650, 650, 650, 650, 650, 650, 650,
	650, 650, 650, 650, 650, 650, 650, 650, 650, 650, 650, 650, 650, 650, 650, 650, 650, 650,
	650, 650, 650, 650, 650, 650, 650, 650, 650, 650, 650, 650, 650, 650, 650, 650, 650, 650,
	650, 650, 650, 650, 650, 650, 650, 650, 650, 650, 650, 650, 650, 650, 650, 650, 650, 650,
	650, 650, 650, 650, 650, 650, 650, 650, 650, 650, 650, 650, 650, 650, 650, 650, 650, 650,
	650, 650, 650, 650, 650, 650, 650, 650, 650, 650, 650, 650, 650, 650, 650, 650, 650, 650,
	650, 650, 650, 650, 650, 650, 650, 650, 650, 650, 650, 650, 650, 650, 650, 650, 650, 650,
	650, 650, 650, 650, 650, 650, 650, 650, 650, 650, 650, 650, 650, 650, 650, 650, 650, 650,
	650, 650, 650, 650, 650, 650, 650, 650, 650, 650, 650, 650, 650, 650, 650, 650, 650, 650,
	650, 650, 650, 650, 650, 650, 650, 650, 650, 650, 650, 650, 650, 650, 650, 650, 650, 650,
	650, 650, 650, 650, 650, 650, 650, 650, 650, 650, 650, 650, 650, 650, 650, 650, 650, 650,
	650, 650, 650, 650, 650, 650, 650, 650, 650, 650, 650, 650, 650, 650, 650, 650, 650, 650,
	650, 650, 650, 650, 650, 650, 650, 650, 650, 650, 650, 650, 650, 650, 650, 650, 650, 650,
	650, 650, 650, 650, 650, 650, 650, 650, 650, 650, 650, 650, 650, 650, 650, 650, 650, 650,
	650, 650, 650, 650, 650, 650, 650, 650, 650, 650, 650, 650, 650, 650, 650, 650, 650, 650,
	650, 650, 650, 650, 650, 650, 650, 650, 650, 650, 650, 650, 650, 650, 650, 650, 650, 650,
	650, 650, 650, 650, 650, 650, 650, 650, 650, 650, 650, 650, 650, 650, 650, 650, 650, 650,
	650, 650, 650, 650, 650, 650, 650, 650, 650, 650, 650, 650, 650, 650, 650, 650, 650, 650,
	650, 650, 650, 650, 650, 650, 650, 650, 650, 650, 650, 650, 650, 650, 650, 650, 650, 650,
	650, 650, 650, 650, 650, 650, 650, 650, 650, 650, 650, 650, 650, 650, 650, 650, 650, 650,
	650, 650, 650, 650, 650, 650, 650, 650, 650, 650, 650, 650, 650, 650, 650, 650, 650, 650,
	650, 650, 650, 650, 650, 650, 650, 650, 650, 650, 650, 650, 650, 650, 650, 650, 650, 650,
	650, 650, 650, 650, 650, 650, 650, 650, 650, 650, 650, 650, 650, 650, 650, 650, 650, 650,
	650, 650, 650, 650, 650, 650, 650, 650, 650, 650, 650, 650, 650, 650, 650, 650, 650, 650,
	650, 650, 650, 650, 650, 650, 650, 650, 650, 650, 650, 650, 650, 650, 650, 650, 650, 650,
	650, 650, 650, 650, 650, 650, 650, 650, 650, 650, 650, 650, 650, 650, 650, 650, 650, 650,
}
U0_M1_Upper = {
	1850, 1850, 1850, 1850, 1850, 1850, 1850, 1850, 1850, 1850, 1850, 1850, 1850, 1850, 1850, 1850, 1850, 1850,
	1850, 1850, 1850, 1850, 1850, 1850, 1850, 1850, 1850, 1850, 1850, 1850, 1850, 1850, 1850, 1850, 1850, 1850,
	1850, 1850, 1850, 1850, 1850, 1850, 1850, 1850, 1850, 1850, 1850, 1850, 1850, 1850, 1850, 1850, 1850, 1850,
	1850, 1850, 1850, 1850, 1850, 1850, 1850, 1850, 1850, 1850, 1850, 1850, 1850, 1850, 1850, 1850, 1850, 1850,
	1850, 1850, 1850, 1850, 1850, 1850, 1850, 1850, 1850, 1850, 1850, 1850, 1850, 1850, 1850, 1850, 1850, 1850,
	1850, 1850, 1850, 1850, 1850, 1850, 1850, 1850, 1850, 1850, 1850, 1850, 1850, 1850, 1850, 1850, 1850, 1850,
	1850, 1850, 1850, 1850, 1850, 1850, 1850, 1850, 1850, 1850, 1850, 1850, 1850, 1850, 1850, 1850, 1850, 1850,
	1850, 1850, 1850, 1850, 1850, 1850, 1850, 1850, 1850, 1850, 1850, 1850, 1850, 1850, 1850, 1850, 1850, 1850,
	1850, 1850, 1850, 1850, 1850, 1850, 1850, 1850, 1850, 1850, 1850, 1850, 1850, 1850, 1850, 1850, 1850, 1850,
	1850, 1850, 1850, 1850, 1850, 1850, 1850, 1850, 1850, 1850, 1850, 1850, 1850, 1850, 1850, 1850, 1850, 1850,
	1850, 1850, 1850, 1850, 1850, 1850, 1850, 1850, 1850, 1850, 1850, 1850, 1850, 1850, 1850, 1850, 1850, 1850,
	1850, 1850, 1850, 1850, 1850, 1850, 1850, 1850, 1850, 1850, 1850, 1850, 1850, 1850, 1850, 1850, 1850, 1850,
	1850, 1850, 1850, 1850, 1850, 1850, 1850, 1850, 1850, 1850, 1850, 1850, 1850, 1850, 1850, 1850, 1850, 1850,
	1850, 1850, 1850, 1850, 1850, 1850, 1850, 1850, 1850, 1850, 1850, 1850, 1850, 1850, 1850, 1850, 1850, 1850,
	1850, 1850, 1850, 1850, 1850, 1850, 1850, 1850, 1850, 1850, 1850, 1850, 1850, 1850, 1850, 1850, 1850, 1850,
	1850, 1850, 1850, 1850, 1850, 1850, 1850, 1850, 1850, 1850, 1850, 1850, 1850, 1850, 1850, 1850, 1850, 1850,
	1850, 1850, 1850, 1850, 1850, 1850, 1850, 1850, 1850, 1850, 1850, 1850, 1850, 1850, 1850, 1850, 1850, 1850,
	1850, 1850, 1850, 1850, 1850, 1850, 1850, 1850, 1850, 1850, 1850, 1850, 1850, 1850, 1850, 1850, 1850, 1850,
	1850, 1850, 1850, 1850, 1850, 1850, 1850, 1850, 1850, 1850, 1850, 1850, 1850, 1850, 1850, 1850, 1850, 1850,
	1850, 1850, 1850, 1850, 1850, 1850, 1850, 1850, 1850, 1850, 1850, 1850, 1850, 1850, 1850, 1850, 1850, 1850,
	1850, 1850, 1850, 1850, 1850, 1850, 1850, 1850, 1850, 1850, 1850, 1850, 1850, 1850, 1850, 1850, 1850, 1850,
	1850, 1850, 1850, 1850, 1850, 1850, 1850, 1850, 1850, 1850, 1850, 1850, 1850, 1850, 1850, 1850, 1850, 1850,
	1850, 1850, 1850, 1850, 1850, 1850, 1850, 1850, 1850, 1850, 1850, 1850, 1850, 1850, 1850, 1850, 1850, 1850,
	1850, 1850, 1850, 1850, 1850, 1850, 1850, 1850, 1850, 1850, 1850, 1850, 1850, 1850, 1850, 1850, 1850, 1850,
	1850, 1850, 1850, 1850, 1850, 1850, 1850, 1850, 1850, 1850, 1850, 1850, 1850, 1850, 1850, 1850, 1850, 1850,
	1850, 1850, 1850, 1850, 1850, 1850, 1850, 1850, 1850, 1850, 1850, 1850, 1850, 1850, 1850, 1850, 1850, 1850,
	1850, 1850, 1850, 1850, 1850, 1850, 1850, 1850, 1850, 1850, 1850, 1850, 1850, 1850, 1850, 1850, 1850, 1850,
	1850, 1850, 1850, 1850, 1850, 1850, 1850, 1850, 1850, 1850, 1850, 1850, 1850, 1850, 1850, 1850, 1850, 1850,
	1850, 1850, 1850, 1850, 1850, 1850, 1850, 1850, 1850, 1850, 1850, 1850, 1850, 1850, 1850, 1850, 1850, 1850,
	1850, 1850, 1850, 1850, 1850, 1850, 1850, 1850, 1850, 1850, 1850, 1850, 1850, 1850, 1850, 1850, 1850, 1850,
	1850, 1850, 1850, 1850, 1850, 1850, 1850, 1850, 1850, 1850, 1850, 1850, 1850, 1850, 1850, 1850, 1850, 1850,
	1850, 1850, 1850, 1850, 1850, 1850, 1850, 1850, 1850, 1850, 1850, 1850, 1850, 1850, 1850, 1850, 1850, 1850,
	1850, 1850, 1850, 1850, 1850, 1850, 1850, 1850, 1850, 1850, 1850, 1850, 1850, 1850, 1850, 1850, 1850, 1850,
	1850, 1850, 1850, 1850, 1850, 1850, 1850, 1850, 1850, 1850, 1850, 1850, 1850, 1850, 1850, 1850, 1850, 1850,
	1850, 1850, 1850, 1850, 1850, 1850, 1850, 1850, 1850, 1850, 1850, 1850, 1850, 1850, 1850, 1850, 1850, 1850,
	1850, 1850, 1850, 1850, 1850, 1850, 1850, 1850, 1850, 1850, 1850, 1850, 1850, 1850, 1850, 1850, 1850, 1850,
}
U0_M1_JITTER_Lower = {
	0, 0, 0, 0, 0, 0, 0, 0, 0, 0, 0, 0, 0, 0, 0, 0, 0, 0,
	0, 0, 0, 0, 0, 0, 0, 0, 0, 0, 0, 0, 0, 0, 0, 0, 0, 0,
	0, 0, 0, 0, 0, 0, 0, 0, 0, 0, 0, 0, 0, 0, 0, 0, 0, 0,
	0, 0, 0, 0, 0, 0, 0, 0, 0, 0, 0, 0, 0, 0, 0, 0, 0, 0,
	0, 0, 0, 0, 0, 0, 0, 0, 0, 0, 0, 0, 0, 0, 0, 0, 0, 0,
	0, 0, 0, 0, 0, 0, 0, 0, 0, 0, 0, 0, 0, 0, 0, 0, 0, 0,
	0, 0, 0, 0, 0, 0, 0, 0, 0, 0, 0, 0, 0, 0, 0, 0, 0, 0,
	0, 0, 0, 0, 0, 0, 0, 0, 0, 0, 0, 0, 0, 0, 0, 0, 0, 0,
	0, 0, 0, 0, 0, 0, 0, 0, 0, 0, 0, 0, 0, 0, 0, 0, 0, 0,
	0, 0, 0, 0, 0, 0, 0, 0, 0, 0, 0, 0, 0, 0, 0, 0, 0, 0,
	0, 0, 0, 0, 0, 0, 0, 0, 0, 0, 0, 0, 0, 0, 0, 0, 0, 0,
	0, 0, 0, 0, 0, 0, 0, 0, 0, 0, 0, 0, 0, 0, 0, 0, 0, 0,
	0, 0, 0, 0, 0, 0, 0, 0, 0, 0, 0, 0, 0, 0, 0, 0, 0, 0,
	0, 0, 0, 0, 0, 0, 0, 0, 0, 0, 0, 0, 0, 0, 0, 0, 0, 0,
	0, 0, 0, 0, 0, 0, 0, 0, 0, 0, 0, 0, 0, 0, 0, 0, 0, 0,
	0, 0, 0, 0, 0, 0, 0, 0, 0, 0, 0, 0, 0, 0, 0, 0, 0, 0,
	0, 0, 0, 0, 0, 0, 0, 0, 0, 0, 0, 0, 0, 0, 0, 0, 0, 0,
	0, 0, 0, 0, 0, 0, 0, 0, 0, 0, 0, 0, 0, 0, 0, 0, 0, 0,
	0, 0, 0, 0, 0, 0, 0, 0, 0, 0, 0, 0, 0, 0, 0, 0, 0, 0,
	0, 0, 0, 0, 0, 0, 0, 0, 0, 0, 0, 0, 0, 0, 0, 0, 0, 0,
	0, 0, 0, 0, 0, 0, 0, 0, 0, 0, 0, 0, 0, 0, 0, 0, 0, 0,
	0, 0, 0, 0, 0, 0, 0, 0, 0, 0, 0, 0, 0, 0, 0, 0, 0, 0,
	0, 0, 0, 0, 0, 0, 0, 0, 0, 0, 0, 0, 0, 0, 0, 0, 0, 0,
	0, 0, 0, 0, 0, 0, 0, 0, 0, 0, 0, 0, 0, 0, 0, 0, 0, 0,
	0, 0, 0, 0, 0, 0, 0, 0, 0, 0, 0, 0, 0, 0, 0, 0, 0, 0,
	0, 0, 0, 0, 0, 0, 0, 0, 0, 0, 0, 0, 0, 0, 0, 0, 0, 0,
	0, 0, 0, 0, 0, 0, 0, 0, 0, 0, 0, 0, 0, 0, 0, 0, 0, 0,
	0, 0, 0, 0, 0, 0, 0, 0, 0, 0, 0, 0, 0, 0, 0, 0, 0, 0,
	0, 0, 0, 0, 0, 0, 0, 0, 0, 0, 0, 0, 0, 0, 0, 0, 0, 0,
	0, 0, 0, 0, 0, 0, 0, 0, 0, 0, 0, 0, 0, 0, 0, 0, 0, 0,
	0, 0, 0, 0, 0, 0, 0, 0, 0, 0, 0, 0, 0, 0, 0, 0, 0, 0,
	0, 0, 0, 0, 0, 0, 0, 0, 0, 0, 0, 0, 0, 0, 0, 0, 0, 0,
	0, 0, 0, 0, 0, 0, 0, 0, 0, 0, 0, 0, 0, 0, 0, 0, 0, 0,
	0, 0, 0, 0, 0, 0, 0, 0, 0, 0, 0, 0, 0, 0, 0, 0, 0, 0,
	0, 0, 0, 0, 0, 0, 0, 0, 0, 0, 0, 0, 0, 0, 0, 0, 0, 0,
	0, 0, 0, 0, 0, 0, 0, 0, 0, 0, 0, 0, 0, 0, 0, 0, 0, 0,
}
U0_M1_JITTER_Upper = {
	80, 80, 80, 80, 80, 80, 80, 80, 80, 80, 80, 80, 80, 80, 80, 80, 80, 80,
	80, 80, 80, 80, 80, 80, 80, 80, 80, 80, 80, 80, 80, 80, 80, 80, 80, 80,
	80, 80, 80, 80, 80, 80, 80, 80, 80, 80, 80, 80, 80, 80, 80, 80, 80, 80,
	80, 80, 80, 80, 80, 80, 80, 80, 80, 80, 80, 80, 80, 80, 80, 80, 80, 80,
	80, 80, 80, 80, 80, 80, 80, 80, 80, 80, 80, 80, 80, 80, 80, 80, 80, 80,
	80, 80, 80, 80, 80, 80, 80, 80, 80, 80, 80, 80, 80, 80, 80, 80, 80, 80,
	80, 80, 80, 80, 80, 80, 80, 80, 80, 80, 80, 80, 80, 80, 80, 80, 80, 80,
	80, 80, 80, 80, 80, 80, 80, 80, 80, 80, 80, 80, 80, 80, 80, 80, 80, 80,
	80, 80, 80, 80, 80, 80, 80, 80, 80, 80, 80, 80, 80, 80, 80, 80, 80, 80,
	80, 80, 80, 80, 80, 80, 80, 80, 80, 80, 80, 80, 80, 80, 80, 80, 80, 80,
	80, 80, 80, 80, 80, 80, 80, 80, 80, 80, 80, 80, 80, 80, 80, 80, 80, 80,
	80, 80, 80, 80, 80, 80, 80, 80, 80, 80, 80, 80, 80, 80, 80, 80, 80, 80,
	80, 80, 80, 80, 80, 80, 80, 80, 80, 80, 80, 80, 80, 80, 80, 80, 80, 80,
	80, 80, 80, 80, 80, 80, 80, 80, 80, 80, 80, 80, 80, 80, 80, 80, 80, 80,
	80, 80, 80, 80, 80, 80, 80, 80, 80, 80, 80, 80, 80, 80, 80, 80, 80, 80,
	80, 80, 80, 80, 80, 80, 80, 80, 80, 80, 80, 80, 80, 80, 80, 80, 80, 80,
	80, 80, 80, 80, 80, 80, 80, 80, 80, 80, 80, 80, 80, 80, 80, 80, 80, 80,
	80, 80, 80, 80, 80, 80, 80, 80, 80, 80, 80, 80, 80, 80, 80, 80, 80, 80,
	80, 80, 80, 80, 80, 80, 80, 80, 80, 80, 80, 80, 80, 80, 80, 80, 80, 80,
	80, 80, 80, 80, 80, 80, 80, 80, 80, 80, 80, 80, 80, 80, 80, 80, 80, 80,
	80, 80, 80, 80, 80, 80, 80, 80, 80, 80, 80, 80, 80, 80, 80, 80, 80, 80,
	80, 80, 80, 80, 80, 80, 80, 80, 80, 80, 80, 80, 80, 80, 80, 80, 80, 80,
	80, 80, 80, 80, 80, 80, 80, 80, 80, 80, 80, 80, 80, 80, 80, 80, 80, 80,
	80, 80, 80, 80, 80, 80, 80, 80, 80, 80, 80, 80, 80, 80, 80, 80, 80, 80,
	80, 80, 80, 80, 80, 80, 80, 80, 80, 80, 80, 80, 80, 80, 80, 80, 80, 80,
	80, 80, 80, 80, 80, 80, 80, 80, 80, 80, 80, 80, 80, 80, 80, 80, 80, 80,
	80, 80, 80, 80, 80, 80, 80, 80, 80, 80, 80, 80, 80, 80, 80, 80, 80, 80,
	80, 80, 80, 80, 80, 80, 80, 80, 80, 80, 80, 80, 80, 80, 80, 80, 80, 80,
	80, 80, 80, 80, 80, 80, 80, 80, 80, 80, 80, 80, 80, 80, 80, 80, 80, 80,
	80, 80, 80, 80, 80, 80, 80, 80, 80, 80, 80, 80, 80, 80, 80, 80, 80, 80,
	80, 80, 80, 80, 80, 80, 80, 80, 80, 80, 80, 80, 80, 80, 80, 80, 80, 80,
	80, 80, 80, 80, 80, 80, 80, 80, 80, 80, 80, 80, 80, 80, 80, 80, 80, 80,
	80, 80, 80, 80, 80, 80, 80, 80, 80, 80, 80, 80, 80, 80, 80, 80, 80, 80,
	80, 80, 80, 80, 80, 80, 80, 80, 80, 80, 80, 80, 80, 80, 80, 80, 80, 80,
	80, 80, 80, 80, 80, 80, 80, 80, 80, 80, 80, 80, 80, 80, 80, 80, 80, 80,
	80, 80, 80, 80, 80, 80, 80, 80, 80, 80, 80, 80, 80, 80, 80, 80, 80, 80,
}
U0_M2_Lower = {
	4300,    0, 4300, 4300, 4300, 4300, 4300, 4300, 4300, 4300, 4300, 4300, 4300, 4300, 4300, 4300, 4300, 4300,
	4300,    0, 4300, 4300, 4300, 4300, 4300, 4300, 4300, 4300, 4300, 4300, 4300, 4300, 4300, 4300, 4300, 4300,
	4300, 4300, 4300, 4300, 4300, 4300, 4300, 4300, 4300, 4300, 4300, 4300, 4300, 4300, 4300, 4300, 4300, 4300,
	4300, 4300, 4300, 4300, 4300, 4300, 4300, 4300, 4300, 4300, 4300, 4300, 4300, 4300, 4300, 4300, 4300, 4300,
	4300, 4300, 4300, 4300, 4300, 4300, 4300, 4300, 4300, 4300, 4300, 4300, 4300, 4300, 4300, 4300, 4300, 4300,
	4300, 4300, 4300, 4300, 4300, 4300, 4300, 4300, 4300, 4300, 4300, 4300, 4300, 4300, 4300, 4300, 4300, 4300,
	4300, 4300, 4300, 4300, 4300, 4300, 4300, 4300, 4300, 4300, 4300, 4300, 4300, 4300, 4300, 4300, 4300, 4300,
	4300, 4300, 4300, 4300, 4300, 4300, 4300, 4300, 4300, 4300, 4300, 4300, 4300, 4300, 4300, 4300, 4300, 4300,
	4300, 4300, 4300, 4300, 4300, 4300, 4300, 4300, 4300, 4300, 4300, 4300, 4300, 4300, 4300, 4300, 4300, 4300,
	4300, 4300, 4300, 4300, 4300, 4300, 4300, 4300, 4300, 4300, 4300, 4300, 4300, 4300, 4300, 4300, 4300, 4300,
	4300, 4300, 4300, 4300, 4300, 4300, 4300, 4300, 4300, 4300, 4300, 4300, 4300, 4300, 4300, 4300, 4300, 4300,
	4300, 4300, 4300, 4300, 4300, 4300, 4300, 4300, 4300, 4300, 4300, 4300, 4300, 4300, 4300, 4300, 4300, 4300,
	4300, 4300, 4300, 4300, 4300, 4300, 4300, 4300, 4300, 4300, 4300, 4300, 4300, 4300, 4300, 4300, 4300, 4300,
	4300, 4300, 4300, 4300, 4300, 4300, 4300, 4300, 4300, 4300, 4300, 4300, 4300, 4300, 4300, 4300, 4300, 4300,
	4300, 4300, 4300, 4300, 4300, 4300, 4300, 4300, 4300, 4300, 4300, 4300, 4300, 4300, 4300, 4300, 4300, 4300,
	4300, 4300, 4300, 4300, 4300, 4300, 4300, 4300, 4300, 4300, 4300, 4300, 4300, 4300, 4300, 4300, 4300, 4300,
	4300, 4300, 4300, 4300, 4300, 4300, 4300, 4300, 4300, 4300, 4300, 4300, 4300, 4300, 4300, 4300, 4300, 4300,
	4300, 4300, 4300, 4300, 4300, 4300, 4300, 4300, 4300, 4300, 4300, 4300, 4300, 4300, 4300, 4300, 4300, 4300,
	4300, 4300, 4300, 4300, 4300, 4300, 4300, 4300, 4300, 4300, 4300, 4300, 4300, 4300, 4300, 4300, 4300, 4300,
	4300, 4300, 4300, 4300, 4300, 4300, 4300, 4300, 4300, 4300, 4300, 4300, 4300, 4300, 4300, 4300, 4300, 4300,
	4300, 4300, 4300, 4300, 4300, 4300, 4300, 4300, 4300, 4300, 4300, 4300, 4300, 4300, 4300, 4300, 4300, 4300,
	4300, 4300, 4300, 4300, 4300, 4300, 4300, 4300, 4300, 4300, 4300, 4300, 4300, 4300, 4300, 4300, 4300, 4300,
	4300, 4300, 4300, 4300, 4300, 4300, 4300, 4300, 4300, 4300, 4300, 4300, 4300, 4300, 4300, 4300, 4300, 4300,
	4300, 4300, 4300, 4300, 4300, 4300, 4300, 4300, 4300, 4300, 4300, 4300, 4300, 4300, 4300, 4300, 4300, 4300,
	4300, 4300, 4300, 4300, 4300, 4300, 4300, 4300, 4300, 4300, 4300, 4300, 4300, 4300, 4300, 4300, 4300, 4300,
	4300, 4300, 4300, 4300, 4300, 4300, 4300, 4300, 4300, 4300, 4300, 4300, 4300, 4300, 4300, 4300, 4300, 4300,
	4300, 4300, 4300, 4300, 4300, 4300, 4300, 4300, 4300, 4300, 4300, 4300, 4300, 4300, 4300, 4300, 4300, 4300,
	4300, 4300, 4300, 4300, 4300, 4300, 4300, 4300, 4300, 4300, 4300, 4300, 4300, 4300, 4300, 4300, 4300, 4300,
	4300, 4300, 4300, 4300, 4300, 4300, 4300, 4300, 4300, 4300, 4300, 4300, 4300, 4300, 4300, 4300, 4300, 4300,
	4300, 4300, 4300, 4300, 4300, 4300, 4300, 4300, 4300, 4300, 4300, 4300, 4300, 4300, 4300, 4300, 4300, 4300,
	4300, 4300, 4300, 4300, 4300, 4300, 4300, 4300, 4300, 4300, 4300, 4300, 4300, 4300, 4300, 4300, 4300, 4300,
	4300, 4300, 4300, 4300, 4300, 4300, 4300, 4300, 4300, 4300, 4300, 4300, 4300, 4300, 4300, 4300, 4300, 4300,
	4300, 4300, 4300, 4300, 4300, 4300, 4300, 4300, 4300, 4300, 4300, 4300, 4300, 4300, 4300, 4300, 4300, 4300,
	4300, 4300, 4300, 4300, 4300, 4300, 4300, 4300, 4300, 4300, 4300, 4300, 4300, 4300, 4300, 4300, 4300, 4300,
	4300, 4300, 4300, 4300, 4300, 4300, 4300, 4300, 4300, 4300, 4300, 4300, 4300, 4300, 4300, 4300, 4300, 4300,
	4300, 4300, 4300, 4300, 4300, 4300, 4300, 4300, 4300, 4300, 4300, 4300, 4300, 4300, 4300, 4300, 4300, 4300,
}
U0_M2_Upper = {
	6000, 9999, 6000, 6000, 6000, 6000, 6000, 6000, 6000, 6000, 6000, 6000, 6000, 6000, 6000, 6000, 6000, 6000,
	6000, 9999, 6000, 6000, 6000, 6000, 6000, 6000, 6000, 6000, 6000, 6000, 6000, 6000, 6000, 6000, 6000, 6000,
	6000, 6000, 6000, 6000, 6000, 6000, 6000, 6000, 6000, 6000, 6000, 6000, 6000, 6000, 6000, 6000, 6000, 6000,
	6000, 6000, 6000, 6000, 6000, 6000, 6000, 6000, 6000, 6000, 6000, 6000, 6000, 6000, 6000, 6000, 6000, 6000,
	6000, 6000, 6000, 6000, 6000, 6000, 6000, 6000, 6000, 6000, 6000, 6000, 6000, 6000, 6000, 6000, 6000, 6000,
	6000, 6000, 6000, 6000, 6000, 6000, 6000, 6000, 6000, 6000, 6000, 6000, 6000, 6000, 6000, 6000, 6000, 6000,
	6000, 6000, 6000, 6000, 6000, 6000, 6000, 6000, 6000, 6000, 6000, 6000, 6000, 6000, 6000, 6000, 6000, 6000,
	6000, 6000, 6000, 6000, 6000, 6000, 6000, 6000, 6000, 6000, 6000, 6000, 6000, 6000, 6000, 6000, 6000, 6000,
	6000, 6000, 6000, 6000, 6000, 6000, 6000, 6000, 6000, 6000, 6000, 6000, 6000, 6000, 6000, 6000, 6000, 6000,
	6000, 6000, 6000, 6000, 6000, 6000, 6000, 6000, 6000, 6000, 6000, 6000, 6000, 6000, 6000, 6000, 6000, 6000,
	6000, 6000, 6000, 6000, 6000, 6000, 6000, 6000, 6000, 6000, 6000, 6000, 6000, 6000, 6000, 6000, 6000, 6000,
	6000, 6000, 6000, 6000, 6000, 6000, 6000, 6000, 6000, 6000, 6000, 6000, 6000, 6000, 6000, 6000, 6000, 6000,
	6000, 6000, 6000, 6000, 6000, 6000, 6000, 6000, 6000, 6000, 6000, 6000, 6000, 6000, 6000, 6000, 6000, 6000,
	6000, 6000, 6000, 6000, 6000, 6000, 6000, 6000, 6000, 6000, 6000, 6000, 6000, 6000, 6000, 6000, 6000, 6000,
	6000, 6000, 6000, 6000, 6000, 6000, 6000, 6000, 6000, 6000, 6000, 6000, 6000, 6000, 6000, 6000, 6000, 6000,
	6000, 6000, 6000, 6000, 6000, 6000, 6000, 6000, 6000, 6000, 6000, 6000, 6000, 6000, 6000, 6000, 6000, 6000,
	6000, 6000, 6000, 6000, 6000, 6000, 6000, 6000, 6000, 6000, 6000, 6000, 6000, 6000, 6000, 6000, 6000, 6000,
	6000, 6000, 6000, 6000, 6000, 6000, 6000, 6000, 6000, 6000, 6000, 6000, 6000, 6000, 6000, 6000, 6000, 6000,
	6000, 6000, 6000, 6000, 6000, 6000, 6000, 6000, 6000, 6000, 6000, 6000, 6000, 6000, 6000, 6000, 6000, 6000,
	6000, 6000, 6000, 6000, 6000, 6000, 6000, 6000, 6000, 6000, 6000, 6000, 6000, 6000, 6000, 6000, 6000, 6000,
	6000, 6000, 6000, 6000, 6000, 6000, 6000, 6000, 6000, 6000, 6000, 6000, 6000, 6000, 6000, 6000, 6000, 6000,
	6000, 6000, 6000, 6000, 6000, 6000, 6000, 6000, 6000, 6000, 6000, 6000, 6000, 6000, 6000, 6000, 6000, 6000,
	6000, 6000, 6000, 6000, 6000, 6000, 6000, 6000, 6000, 6000, 6000, 6000, 6000, 6000, 6000, 6000, 6000, 6000,
	6000, 6000, 6000, 6000, 6000, 6000, 6000, 6000, 6000, 6000, 6000, 6000, 6000, 6000, 6000, 6000, 6000, 6000,
	6000, 6000, 6000, 6000, 6000, 6000, 6000, 6000, 6000, 6000, 6000, 6000, 6000, 6000, 6000, 6000, 6000, 6000,
	6000, 6000, 6000, 6000, 6000, 6000, 6000, 6000, 6000, 6000, 6000, 6000, 6000, 6000, 6000, 6000, 6000, 6000,
	6000, 6000, 6000, 6000, 6000, 6000, 6000, 6000, 6000, 6000, 6000, 6000, 6000, 6000, 6000, 6000, 6000, 6000,
	6000, 6000, 6000, 6000, 6000, 6000, 6000, 6000, 6000, 6000, 6000, 6000, 6000, 6000, 6000, 6000, 6000, 6000,
	6000, 6000, 6000, 6000, 6000, 6000, 6000, 6000, 6000, 6000, 6000, 6000, 6000, 6000, 6000, 6000, 6000, 6000,
	6000, 6000, 6000, 6000, 6000, 6000, 6000, 6000, 6000, 6000, 6000, 6000, 6000, 6000, 6000, 6000, 6000, 6000,
	6000, 6000, 6000, 6000, 6000, 6000, 6000, 6000, 6000, 6000, 6000, 6000, 6000, 6000, 6000, 6000, 6000, 6000,
	6000, 6000, 6000, 6000, 6000, 6000, 6000, 6000, 6000, 6000, 6000, 6000, 6000, 6000, 6000, 6000, 6000, 6000,
	6000, 6000, 6000, 6000, 6000, 6000, 6000, 6000, 6000, 6000, 6000, 6000, 6000, 6000, 6000, 6000, 6000, 6000,
	6000, 6000, 6000, 6000, 6000, 6000, 6000, 6000, 6000, 6000, 6000, 6000, 6000, 6000, 6000, 6000, 6000, 6000,
	6000, 6000, 6000, 6000, 6000, 6000, 6000, 6000, 6000, 6000, 6000, 6000, 6000, 6000, 6000, 6000, 6000, 6000,
	6000, 6000, 6000, 6000, 6000, 6000, 6000, 6000, 6000, 6000, 6000, 6000, 6000, 6000, 6000, 6000, 6000, 6000,
}
U0_M2_JITTER_Lower = {
	0, 0, 0, 0, 0, 0, 0, 0, 0, 0, 0, 0, 0, 0, 0, 0, 0, 0,
	0, 0, 0, 0, 0, 0, 0, 0, 0, 0, 0, 0, 0, 0, 0, 0, 0, 0,
	0, 0, 0, 0, 0, 0, 0, 0, 0, 0, 0, 0, 0, 0, 0, 0, 0, 0,
	0, 0, 0, 0, 0, 0, 0, 0, 0, 0, 0, 0, 0, 0, 0, 0, 0, 0,
	0, 0, 0, 0, 0, 0, 0, 0, 0, 0, 0, 0, 0, 0, 0, 0, 0, 0,
	0, 0, 0, 0, 0, 0, 0, 0, 0, 0, 0, 0, 0, 0, 0, 0, 0, 0,
	0, 0, 0, 0, 0, 0, 0, 0, 0, 0, 0, 0, 0, 0, 0, 0, 0, 0,
	0, 0, 0, 0, 0, 0, 0, 0, 0, 0, 0, 0, 0, 0, 0, 0, 0, 0,
	0, 0, 0, 0, 0, 0, 0, 0, 0, 0, 0, 0, 0, 0, 0, 0, 0, 0,
	0, 0, 0, 0, 0, 0, 0, 0, 0, 0, 0, 0, 0, 0, 0, 0, 0, 0,
	0, 0, 0, 0, 0, 0, 0, 0, 0, 0, 0, 0, 0, 0, 0, 0, 0, 0,
	0, 0, 0, 0, 0, 0, 0, 0, 0, 0, 0, 0, 0, 0, 0, 0, 0, 0,
	0, 0, 0, 0, 0, 0, 0, 0, 0, 0, 0, 0, 0, 0, 0, 0, 0, 0,
	0, 0, 0, 0, 0, 0, 0, 0, 0, 0, 0, 0, 0, 0, 0, 0, 0, 0,
	0, 0, 0, 0, 0, 0, 0, 0, 0, 0, 0, 0, 0, 0, 0, 0, 0, 0,
	0, 0, 0, 0, 0, 0, 0, 0, 0, 0, 0, 0, 0, 0, 0, 0, 0, 0,
	0, 0, 0, 0, 0, 0, 0, 0, 0, 0, 0, 0, 0, 0, 0, 0, 0, 0,
	0, 0, 0, 0, 0, 0, 0, 0, 0, 0, 0, 0, 0, 0, 0, 0, 0, 0,
	0, 0, 0, 0, 0, 0, 0, 0, 0, 0, 0, 0, 0, 0, 0, 0, 0, 0,
	0, 0, 0, 0, 0, 0, 0, 0, 0, 0, 0, 0, 0, 0, 0, 0, 0, 0,
	0, 0, 0, 0, 0, 0, 0, 0, 0, 0, 0, 0, 0, 0, 0, 0, 0, 0,
	0, 0, 0, 0, 0, 0, 0, 0, 0, 0, 0, 0, 0, 0, 0, 0, 0, 0,
	0, 0, 0, 0, 0, 0, 0, 0, 0, 0, 0, 0, 0, 0, 0, 0, 0, 0,
	0, 0, 0, 0, 0, 0, 0, 0, 0, 0, 0, 0, 0, 0, 0, 0, 0, 0,
	0, 0, 0, 0, 0, 0, 0, 0, 0, 0, 0, 0, 0, 0, 0, 0, 0, 0,
	0, 0, 0, 0, 0, 0, 0, 0, 0, 0, 0, 0, 0, 0, 0, 0, 0, 0,
	0, 0, 0, 0, 0, 0, 0, 0, 0, 0, 0, 0, 0, 0, 0, 0, 0, 0,
	0, 0, 0, 0, 0, 0, 0, 0, 0, 0, 0, 0, 0, 0, 0, 0, 0, 0,
	0, 0, 0, 0, 0, 0, 0, 0, 0, 0, 0, 0, 0, 0, 0, 0, 0, 0,
	0, 0, 0, 0, 0, 0, 0, 0, 0, 0, 0, 0, 0, 0, 0, 0, 0, 0,
	0, 0, 0, 0, 0, 0, 0, 0, 0, 0, 0, 0, 0, 0, 0, 0, 0, 0,
	0, 0, 0, 0, 0, 0, 0, 0, 0, 0, 0, 0, 0, 0, 0, 0, 0, 0,
	0, 0, 0, 0, 0, 0, 0, 0, 0, 0, 0, 0, 0, 0, 0, 0, 0, 0,
	0, 0, 0, 0, 0, 0, 0, 0, 0, 0, 0, 0, 0, 0, 0, 0, 0, 0,
	0, 0, 0, 0, 0, 0, 0, 0, 0, 0, 0, 0, 0, 0, 0, 0, 0, 0,
	0, 0, 0, 0, 0, 0, 0, 0, 0, 0, 0, 0, 0, 0, 0, 0, 0, 0,
}
U0_M2_JITTER_Upper = {
	80, 80, 80, 80, 80, 80, 80, 80, 80, 80, 80, 80, 80, 80, 80, 80, 80, 80,
	80, 80, 80, 80, 80, 80, 80, 80, 80, 80, 80, 80, 80, 80, 80, 80, 80, 80,
	80, 80, 80, 80, 80, 80, 80, 80, 80, 80, 80, 80, 80, 80, 80, 80, 80, 80,
	80, 80, 80, 80, 80, 80, 80, 80, 80, 80, 80, 80, 80, 80, 80, 80, 80, 80,
	80, 80, 80, 80, 80, 80, 80, 80, 80, 80, 80, 80, 80, 80, 80, 80, 80, 80,
	80, 80, 80, 80, 80, 80, 80, 80, 80, 80, 80, 80, 80, 80, 80, 80, 80, 80,
	80, 80, 80, 80, 80, 80, 80, 80, 80, 80, 80, 80, 80, 80, 80, 80, 80, 80,
	80, 80, 80, 80, 80, 80, 80, 80, 80, 80, 80, 80, 80, 80, 80, 80, 80, 80,
	80, 80, 80, 80, 80, 80, 80, 80, 80, 80, 80, 80, 80, 80, 80, 80, 80, 80,
	80, 80, 80, 80, 80, 80, 80, 80, 80, 80, 80, 80, 80, 80, 80, 80, 80, 80,
	80, 80, 80, 80, 80, 80, 80, 80, 80, 80, 80, 80, 80, 80, 80, 80, 80, 80,
	80, 80, 80, 80, 80, 80, 80, 80, 80, 80, 80, 80, 80, 80, 80, 80, 80, 80,
	80, 80, 80, 80, 80, 80, 80, 80, 80, 80, 80, 80, 80, 80, 80, 80, 80, 80,
	80, 80, 80, 80, 80, 80, 80, 80, 80, 80, 80, 80, 80, 80, 80, 80, 80, 80,
	80, 80, 80, 80, 80, 80, 80, 80, 80, 80, 80, 80, 80, 80, 80, 80, 80, 80,
	80, 80, 80, 80, 80, 80, 80, 80, 80, 80, 80, 80, 80, 80, 80, 80, 80, 80,
	80, 80, 80, 80, 80, 80, 80, 80, 80, 80, 80, 80, 80, 80, 80, 80, 80, 80,
	80, 80, 80, 80, 80, 80, 80, 80, 80, 80, 80, 80, 80, 80, 80, 80, 80, 80,
	80, 80, 80, 80, 80, 80, 80, 80, 80, 80, 80, 80, 80, 80, 80, 80, 80, 80,
	80, 80, 80, 80, 80, 80, 80, 80, 80, 80, 80, 80, 80, 80, 80, 80, 80, 80,
	80, 80, 80, 80, 80, 80, 80, 80, 80, 80, 80, 80, 80, 80, 80, 80, 80, 80,
	80, 80, 80, 80, 80, 80, 80, 80, 80, 80, 80, 80, 80, 80, 80, 80, 80, 80,
	80, 80, 80, 80, 80, 80, 80, 80, 80, 80, 80, 80, 80, 80, 80, 80, 80, 80,
	80, 80, 80, 80, 80, 80, 80, 80, 80, 80, 80, 80, 80, 80, 80, 80, 80, 80,
	80, 80, 80, 80, 80, 80, 80, 80, 80, 80, 80, 80, 80, 80, 80, 80, 80, 80,
	80, 80, 80, 80, 80, 80, 80, 80, 80, 80, 80, 80, 80, 80, 80, 80, 80, 80,
	80, 80, 80, 80, 80, 80, 80, 80, 80, 80, 80, 80, 80, 80, 80, 80, 80, 80,
	80, 80, 80, 80, 80, 80, 80, 80, 80, 80, 80, 80, 80, 80, 80, 80, 80, 80,
	80, 80, 80, 80, 80, 80, 80, 80, 80, 80, 80, 80, 80, 80, 80, 80, 80, 80,
	80, 80, 80, 80, 80, 80, 80, 80, 80, 80, 80, 80, 80, 80, 80, 80, 80, 80,
	80, 80, 80, 80, 80, 80, 80, 80, 80, 80, 80, 80, 80, 80, 80, 80, 80, 80,
	80, 80, 80, 80, 80, 80, 80, 80, 80, 80, 80, 80, 80, 80, 80, 80, 80, 80,
	80, 80, 80, 80, 80, 80, 80, 80, 80, 80, 80, 80, 80, 80, 80, 80, 80, 80,
	80, 80, 80, 80, 80, 80, 80, 80, 80, 80, 80, 80, 80, 80, 80, 80, 80, 80,
	80, 80, 80, 80, 80, 80, 80, 80, 80, 80, 80, 80, 80, 80, 80, 80, 80, 80,
	80, 80, 80, 80, 80, 80, 80, 80, 80, 80, 80, 80, 80, 80, 80, 80, 80, 80,
}
